  1342 -4.182523E-02 4.856769E-02 0.000000E+00 1.248410E-01
     1 8.000000E-04 -7.057764E-03 -3.254790E-02 1.166948E-01
     2 8.000000E-04 -1.905107E-02 -2.248957E-02 1.159764E-01
     3 8.000000E-04 -2.402107E-02 1.038371E-02 7.387316E-02
     4 8.000000E-04 -1.557276E-02 -2.245966E-04 2.610655E-02
     5 8.000000E-04 -7.267764E-03 -5.372120E-02 1.085348E-01
     6 8.000000E-04 4.004884E-02 -3.928620E-02 6.015486E-02
     7 8.000000E-04 1.572360E-04 -4.631120E-02 9.506146E-02
     8 8.000000E-04 -2.375857E-02 -4.786120E-02 1.076248E-01
     9 8.000000E-04 4.021051E-02 -7.517931E-03 8.055316E-02
    10 8.000000E-04 -1.050776E-02 5.737531E-02 2.734155E-02
    11 8.000000E-04 -1.895107E-02 -4.803120E-02 4.351656E-02
    12 8.000000E-04 -2.409107E-02 1.113370E-02 6.101486E-02
    13 8.000000E-04 2.684717E-02 -3.198623E-02 4.355655E-02
    14 8.000000E-04 -1.049776E-02 -2.243290E-02 5.053986E-02
    15 8.000000E-04 3.277448E-02 2.676138E-02 8.548735E-02
    16 8.000000E-04 2.869287E-02 2.733299E-02 8.598257E-02
    17 8.000000E-04 1.678878E-02 2.830624E-02 9.340095E-02
    18 8.000000E-04 1.717496E-02 2.816596E-02 8.642224E-02
    19 8.000000E-04 4.025670E-02 1.973656E-02 9.902432E-02
    20 8.000000E-04 4.030401E-02 1.567578E-02 9.900767E-02
    21 8.000000E-04 4.112901E-02 1.626830E-02 1.012211E-01
    22 8.000000E-04 4.104740E-02 1.906732E-02 1.018449E-01
    23 8.000000E-04 4.033468E-02 5.521363E-03 8.740479E-02
    24 8.000000E-04 4.482154E-02 1.598459E-02 8.735149E-02
    25 8.000000E-04 3.248718E-02 3.375201E-02 7.337983E-02
    26 8.000000E-04 2.755542E-02 3.401894E-02 7.680946E-02
    27 8.000000E-04 2.823386E-02 2.947438E-02 7.906976E-02
    28 8.000000E-04 2.972360E-04 4.975031E-02 8.373316E-02
    29 8.000000E-04 3.548720E-02 2.823658E-02 7.896682E-02
    30 8.000000E-04 2.006886E-02 3.055907E-02 7.118206E-02
    31 8.000000E-04 3.574900E-02 2.884297E-02 6.367880E-02
    32 8.000000E-04 3.633883E-02 2.958748E-02 5.772688E-02
    33 8.000000E-04 2.020232E-02 2.982906E-02 6.308559E-02
    34 8.000000E-04 2.969866E-02 1.898184E-02 9.667535E-02
    35 8.000000E-04 2.946097E-02 1.856212E-02 1.035905E-01
    36 8.000000E-04 2.832040E-02 1.402547E-02 9.488818E-02
    37 8.000000E-04 2.834529E-02 1.388769E-02 1.045926E-01
    38 8.000000E-04 2.500923E-02 -2.807518E-04 1.090505E-01
    39 8.000000E-04 2.699919E-02 7.764551E-03 1.032894E-01
    40 8.000000E-04 2.978589E-02 -1.042098E-03 8.678046E-02
    41 8.000000E-04 3.031400E-02 -5.991077E-04 9.794374E-02
    42 8.000000E-04 2.888425E-02 -2.797503E-03 1.016764E-01
    43 8.000000E-04 2.779038E-02 6.389907E-03 9.368064E-02
    44 8.000000E-04 2.836727E-02 1.172180E-02 8.779313E-02
    45 8.000000E-04 2.761861E-02 6.249929E-03 8.701139E-02
    46 8.000000E-04 1.670289E-02 2.380985E-02 1.046161E-01
    47 8.000000E-04 1.949969E-02 1.412476E-02 9.425105E-02
    48 8.000000E-04 1.955297E-02 -2.626889E-03 1.045437E-01
    49 8.000000E-04 2.469761E-02 -5.888437E-02 6.934967E-02
    50 8.000000E-04 1.736654E-02 -5.046920E-02 6.956516E-02
    51 8.000000E-04 3.688870E-02 1.992053E-02 1.083787E-01
    52 8.000000E-04 1.826184E-02 -4.385049E-02 6.148778E-02
    53 8.000000E-04 1.601554E-02 -3.416290E-02 1.156298E-01
    54 8.000000E-04 1.613554E-02 -2.214599E-03 1.156398E-01
    55 8.000000E-04 1.529343E-02 4.116892E-03 1.160534E-01
    56 8.000000E-04 2.643952E-02 -9.459766E-03 1.054890E-01
    57 8.000000E-04 3.002329E-02 -1.338598E-02 9.226535E-02
    58 8.000000E-04 3.292241E-02 -1.049668E-02 9.231646E-02
    59 8.000000E-04 3.235384E-02 -3.058816E-02 9.537567E-02
    60 8.000000E-04 3.146829E-02 -2.346957E-02 1.008759E-01
    61 8.000000E-04 3.309832E-02 -2.328290E-02 1.005904E-01
    62 8.000000E-04 3.290517E-02 -1.961637E-02 1.008070E-01
    63 8.000000E-04 3.413648E-02 -1.976481E-02 9.490346E-02
    64 8.000000E-04 2.830204E-02 -2.514546E-02 8.960018E-02
    65 8.000000E-04 2.884895E-02 -2.688465E-02 9.556568E-02
    66 8.000000E-04 4.367766E-02 1.836796E-02 8.758587E-02
    67 8.000000E-04 2.955939E-02 -3.093416E-02 9.608163E-02
    68 8.000000E-04 3.364477E-02 -2.513852E-02 9.646574E-02
    69 8.000000E-04 3.408004E-02 -1.084456E-02 8.665642E-02
    70 8.000000E-04 2.777195E-02 -1.197538E-02 8.738629E-02
    71 8.000000E-04 2.844390E-02 -1.731906E-02 8.737072E-02
    72 8.000000E-04 2.112589E-02 -1.032122E-02 1.065170E-01
    73 8.000000E-04 1.690362E-02 -2.753521E-02 1.081886E-01
    74 8.000000E-04 1.722034E-02 -1.884812E-02 1.067095E-01
    75 8.000000E-04 1.308554E-02 -8.167931E-03 9.140480E-02
    76 8.000000E-04 1.695691E-02 -3.456384E-02 1.037019E-01
    77 8.000000E-04 1.888320E-02 -2.073775E-02 9.375888E-02
    78 8.000000E-04 3.250418E-02 -4.757532E-02 5.490637E-02
    79 8.000000E-04 3.222584E-02 -4.793987E-02 4.545419E-02
    80 8.000000E-04 2.799671E-02 -4.338088E-02 4.828120E-02
    81 8.000000E-04 3.236827E-02 -5.667770E-02 5.235273E-02
    82 8.000000E-04 2.470162E-02 -6.095117E-02 4.284378E-02
    83 8.000000E-04 1.867274E-02 -4.230413E-02 4.726184E-02
    84 8.000000E-04 1.950411E-02 -4.296640E-02 5.573457E-02
    85 8.000000E-04 4.607143E-02 7.925823E-03 7.988657E-02
    86 8.000000E-04 4.264585E-02 2.083899E-02 6.983454E-02
    87 8.000000E-04 3.653638E-02 1.408004E-02 7.859429E-02
    88 8.000000E-04 3.322037E-02 2.252016E-02 8.715614E-02
    89 8.000000E-04 2.760570E-02 1.374147E-02 8.056692E-02
    90 8.000000E-04 3.459768E-02 2.291256E-02 6.560617E-02
    91 8.000000E-04 3.656766E-02 1.428806E-02 7.171035E-02
    92 8.000000E-04 3.642309E-02 2.081859E-02 7.092930E-02
    93 8.000000E-04 3.597958E-02 2.243198E-02 7.982419E-02
    94 8.000000E-04 2.769342E-02 1.282161E-02 7.049009E-02
    95 8.000000E-04 3.691559E-02 5.723643E-03 7.244851E-02
    96 8.000000E-04 3.594739E-02 -1.518478E-03 7.995599E-02
    97 8.000000E-04 3.543139E-02 5.758154E-03 7.748257E-02
    98 8.000000E-04 2.168885E-02 2.253625E-02 8.031177E-02
    99 8.000000E-04 2.112565E-02 1.290978E-02 8.054649E-02
   100 8.000000E-04 2.023684E-02 2.136461E-02 7.147824E-02
   101 8.000000E-04 1.959056E-02 1.492270E-02 7.080050E-02
   102 8.000000E-04 2.136078E-02 -1.574286E-03 7.870715E-02
   103 8.000000E-04 2.094034E-02 -1.762134E-03 6.982611E-02
   104 8.000000E-04 2.113920E-02 5.838196E-03 7.906508E-02
   105 8.000000E-04 2.006597E-02 -1.147290E-03 6.665337E-02
   106 8.000000E-04 1.665363E-02 -3.939025E-02 8.428781E-02
   107 8.000000E-04 3.670036E-02 2.011493E-02 1.021964E-01
   108 8.000000E-04 2.740440E-02 1.339604E-02 6.431947E-02
   109 8.000000E-04 3.361581E-02 1.422872E-02 6.279424E-02
   110 8.000000E-04 3.641560E-02 3.569523E-03 6.196083E-02
   111 8.000000E-04 3.495419E-02 -2.767899E-03 6.201973E-02
   112 8.000000E-04 2.327390E-02 1.364037E-02 5.773852E-02
   113 8.000000E-04 2.086554E-02 1.344004E-02 6.482982E-02
   114 8.000000E-04 2.065118E-02 2.212135E-02 6.279674E-02
   115 8.000000E-04 2.100234E-02 6.224465E-03 6.563507E-02
   116 8.000000E-04 1.223677E-02 -3.910628E-02 9.188531E-02
   117 8.000000E-04 9.172360E-04 -4.657263E-02 1.029543E-01
   118 8.000000E-04 3.226377E-03 -4.161398E-02 9.468106E-02
   119 8.000000E-04 -5.211297E-03 -4.867238E-02 1.027601E-01
   120 8.000000E-04 -4.541008E-03 -4.274186E-02 1.029255E-01
   121 8.000000E-04 -3.853739E-03 -4.323407E-02 9.633762E-02
   122 8.000000E-04 -1.196288E-02 -4.308229E-02 9.651621E-02
   123 8.000000E-04 1.584669E-03 -4.192434E-02 1.029784E-01
   124 8.000000E-04 -5.926872E-03 -5.047739E-02 9.460143E-02
   125 8.000000E-04 -1.622776E-02 -4.415120E-02 4.352155E-02
   126 8.000000E-04 -1.184358E-02 -6.324791E-02 5.353065E-02
   127 8.000000E-04 -8.429974E-03 -3.963341E-02 3.757504E-02
   128 8.000000E-04 -3.979764E-03 -3.582020E-02 3.537180E-02
   129 8.000000E-04 -3.461536E-02 3.026379E-02 9.514864E-02
   130 8.000000E-04 2.439272E-03 -4.958749E-02 3.278295E-02
   131 8.000000E-04 -2.515223E-02 -6.453101E-02 5.848428E-02
   132 8.000000E-04 -1.413692E-02 8.282795E-03 1.229394E-03
   133 8.000000E-04 -1.200167E-02 -3.721635E-02 4.618869E-02
   134 8.000000E-04 -3.292086E-03 -5.507849E-02 4.903486E-02
   135 8.000000E-04 -5.486129E-03 -4.870004E-02 4.643677E-02
   136 8.000000E-04 -5.015406E-03 -4.164731E-02 4.667198E-02
   137 8.000000E-04 -8.235264E-03 -3.774156E-02 5.291236E-02
   138 8.000000E-04 2.721486E-02 -6.429607E-02 5.654516E-02
   139 8.000000E-04 2.015208E-02 -1.195438E-02 8.610288E-02
   140 8.000000E-04 1.212634E-02 -5.996169E-02 7.861811E-02
   141 8.000000E-04 1.714131E-02 -6.664213E-03 9.256454E-02
   142 8.000000E-04 1.094031E-02 -5.856314E-02 7.112117E-02
   143 8.000000E-04 -2.916462E-02 4.583783E-02 8.622639E-02
   144 8.000000E-04 -2.634805E-02 -2.432999E-03 6.379720E-02
   145 8.000000E-04 3.779108E-03 -6.461680E-02 7.818602E-02
   146 8.000000E-04 4.116384E-02 -6.404598E-03 8.489146E-02
   147 8.000000E-04 1.964420E-03 -1.592404E-02 5.059218E-02
   148 8.000000E-04 -2.031833E-02 7.442960E-02 6.166006E-02
   149 8.000000E-04 -1.011063E-02 -1.694765E-02 4.999707E-02
   150 8.000000E-04 -5.627335E-03 -1.659728E-02 4.830513E-02
   151 8.000000E-04 1.938469E-03 -1.052786E-02 4.943459E-02
   152 8.000000E-04 1.410990E-02 3.882618E-02 4.823523E-02
   153 8.000000E-04 -1.772329E-02 2.053800E-02 1.101156E-01
   154 8.000000E-04 4.227676E-02 1.892125E-02 8.057301E-02
   155 8.000000E-04 3.470862E-02 -2.633883E-02 4.311051E-02
   156 8.000000E-04 1.489736E-03 -9.084598E-03 4.317905E-02
   157 8.000000E-04 1.347556E-02 3.842908E-02 7.226971E-02
   158 8.000000E-04 4.002384E-02 2.545371E-02 5.822485E-02
   159 8.000000E-04 5.935538E-03 1.633370E-02 7.969316E-02
   160 8.000000E-04 3.230384E-02 -2.247290E-02 7.697983E-02
   161 8.000000E-04 -1.153652E-02 -9.841181E-03 4.945714E-02
   162 8.000000E-04 -8.383621E-03 -7.041312E-03 4.298413E-02
   163 8.000000E-04 2.042063E-02 1.400647E-02 8.878595E-02
   164 8.000000E-04 -3.018239E-03 -6.431077E-02 7.371656E-02
   165 8.000000E-04 -2.012939E-02 7.012080E-02 4.833975E-02
   166 8.000000E-04 1.211801E-02 2.281029E-02 6.176756E-02
   167 8.000000E-04 -1.692492E-02 5.385373E-02 4.871988E-02
   168 8.000000E-04 -4.835465E-03 -1.758582E-02 1.175294E-01
   169 8.000000E-04 3.598639E-02 -6.745768E-04 5.518935E-02
   170 8.000000E-04 -1.769939E-02 5.958543E-02 3.355860E-02
   171 8.000000E-04 -3.239279E-02 5.013479E-02 7.008764E-02
   172 8.000000E-04 -1.558225E-03 2.102240E-02 5.590073E-02
   173 8.000000E-04 -2.502163E-02 6.176031E-02 6.778052E-02
   174 8.000000E-04 2.895967E-02 -1.886794E-02 4.651785E-02
   175 8.000000E-04 -2.760911E-02 5.969065E-02 8.131268E-02
   176 8.000000E-04 -2.451622E-02 6.736441E-02 5.324976E-02
   177 8.000000E-04 3.064438E-02 -6.409922E-02 4.714924E-02
   178 8.000000E-04 -2.059197E-02 6.844429E-02 5.456720E-02
   179 8.000000E-04 -2.617972E-02 5.358748E-02 5.726751E-02
   180 8.000000E-04 2.823021E-02 -2.840375E-02 5.628434E-02
   181 8.000000E-04 -2.095829E-02 5.482547E-02 5.665598E-02
   182 8.000000E-04 -3.451737E-03 -1.902212E-02 1.101515E-01
   183 8.000000E-04 -3.614582E-03 -1.927646E-02 1.055243E-01
   184 8.000000E-04 1.241091E-02 1.438706E-02 7.976691E-02
   185 8.000000E-04 -2.102773E-02 7.406195E-02 5.947486E-02
   186 8.000000E-04 1.393981E-02 1.338540E-02 7.003524E-02
   187 8.000000E-04 -3.587233E-03 1.285472E-02 7.102896E-02
   188 8.000000E-04 1.177954E-02 -2.063329E-03 6.947070E-02
   189 8.000000E-04 1.150387E-02 -3.251597E-03 8.027646E-02
   190 8.000000E-04 1.141189E-02 -6.416019E-02 6.180710E-02
   191 8.000000E-04 -1.714706E-02 -1.129085E-03 4.015350E-02
   192 8.000000E-04 -1.178788E-02 5.341911E-03 7.402197E-02
   193 8.000000E-04 -4.530107E-03 -2.012827E-03 7.174562E-02
   194 8.000000E-04 1.180314E-02 -5.805405E-02 6.268212E-02
   195 8.000000E-04 -2.174333E-02 5.167684E-02 9.381924E-02
   196 8.000000E-04 -2.079890E-02 6.212318E-02 5.565970E-02
   197 8.000000E-04 -1.410287E-02 -5.996387E-04 7.744851E-02
   198 8.000000E-04 -1.252576E-02 5.608459E-03 7.956605E-02
   199 8.000000E-04 -1.093101E-02 -5.936625E-02 6.364268E-02
   200 8.000000E-04 1.895064E-03 -4.172360E-02 4.170334E-02
   201 8.000000E-04 -1.080949E-02 -2.738511E-02 1.041275E-01
   202 8.000000E-04 -7.530567E-03 9.051068E-03 5.777592E-02
   203 8.000000E-04 -2.569052E-02 -6.430872E-02 7.895597E-02
   204 8.000000E-04 1.157644E-02 5.044657E-03 6.493029E-02
   205 8.000000E-04 3.594282E-02 -4.011640E-02 6.060880E-02
   206 8.000000E-04 4.921232E-03 -1.274194E-03 6.613442E-02
   207 8.000000E-04 -1.298961E-02 7.816217E-03 6.198577E-02
   208 8.000000E-04 5.445189E-03 -5.858093E-02 6.288499E-02
   209 8.000000E-04 1.275554E-02 1.794926E-02 1.157498E-01
   210 8.000000E-04 3.450944E-02 -4.122046E-02 5.548761E-02
   211 8.000000E-04 5.989058E-03 -4.599081E-03 5.396727E-02
   212 8.000000E-04 4.111376E-03 -4.955914E-02 3.965171E-02
   213 8.000000E-04 1.257441E-02 1.661242E-02 1.159032E-01
   214 8.000000E-04 -1.977043E-02 -1.958381E-02 1.028331E-01
   215 8.000000E-04 -6.545851E-03 1.484847E-02 8.092833E-02
   216 8.000000E-04 1.247626E-02 1.406803E-02 1.109619E-01
   217 8.000000E-04 5.523141E-03 6.345248E-03 1.094586E-01
   218 8.000000E-04 -2.066888E-02 -2.696323E-02 7.949376E-02
   219 8.000000E-04 -1.404342E-02 -5.310073E-02 5.506778E-02
   220 8.000000E-04 -1.539166E-02 8.579281E-03 1.725572E-02
   221 8.000000E-04 1.959875E-02 3.015135E-02 7.945335E-02
   222 8.000000E-04 -4.415899E-03 -5.065333E-02 7.269834E-02
   223 8.000000E-04 -2.570019E-02 -2.650085E-02 8.186071E-02
   224 8.000000E-04 1.131725E-02 2.318330E-02 1.100154E-01
   225 8.000000E-04 3.640640E-03 -1.881426E-03 1.112566E-01
   226 8.000000E-04 -1.562020E-02 6.055126E-03 2.345585E-02
   227 8.000000E-04 -2.072767E-02 -3.313782E-02 8.148785E-02
   228 8.000000E-04 -2.772106E-02 5.327031E-02 5.155486E-02
   229 8.000000E-04 -1.955376E-02 1.375778E-02 1.848716E-03
   230 8.000000E-04 1.063138E-02 1.282050E-02 6.582604E-02
   231 8.000000E-04 3.121176E-03 -1.696027E-02 7.140858E-02
   232 8.000000E-04 -1.196633E-02 5.719205E-03 1.129601E-01
   233 8.000000E-04 -2.680513E-02 -2.610294E-02 8.992236E-02
   234 8.000000E-04 1.256094E-02 -3.301878E-03 1.107535E-01
   235 8.000000E-04 4.699879E-03 -6.403060E-02 6.138483E-02
   236 8.000000E-04 -1.808025E-02 -5.282695E-02 5.686677E-02
   237 8.000000E-04 -1.780381E-02 -4.749286E-02 4.657405E-02
   238 8.000000E-04 -1.650002E-02 -7.813016E-03 4.849790E-02
   239 8.000000E-04 1.980933E-02 6.434283E-03 9.381616E-02
   240 8.000000E-04 -3.497109E-03 -5.759156E-02 6.342337E-02
   241 8.000000E-04 -5.568198E-03 -1.041830E-02 4.823101E-02
   242 8.000000E-04 -1.810988E-02 5.217107E-02 4.231073E-02
   243 8.000000E-04 1.111979E-02 -5.658870E-02 5.775554E-02
   244 8.000000E-04 -1.394345E-02 1.417897E-02 2.371457E-02
   245 8.000000E-04 7.705693E-04 6.647724E-02 7.609975E-02
   246 8.000000E-04 3.408810E-03 -5.794602E-02 7.862250E-02
   247 8.000000E-04 -2.804602E-02 -1.035961E-02 1.120650E-01
   248 8.000000E-04 -7.836514E-03 -7.655431E-03 4.331197E-02
   249 8.000000E-04 -3.307755E-02 2.205635E-02 8.968860E-02
   250 8.000000E-04 -1.417405E-02 1.346841E-02 1.575653E-02
   251 8.000000E-04 -6.763590E-03 -1.199063E-03 6.596318E-02
   252 8.000000E-04 -3.271107E-02 5.898364E-02 9.160146E-02
   253 8.000000E-04 1.280743E-02 -5.864645E-02 4.942745E-02
   254 8.000000E-04 -2.000108E-02 5.313596E-02 8.043749E-02
   255 8.000000E-04 -3.906533E-03 -5.814671E-02 3.733414E-02
   256 8.000000E-04 -6.014582E-03 -6.261223E-02 3.574474E-02
   257 8.000000E-04 -8.218764E-03 -1.083260E-02 7.254716E-02
   258 8.000000E-04 1.982692E-02 -1.687361E-02 1.102966E-01
   259 8.000000E-04 -5.988893E-03 -6.190725E-02 3.535204E-02
   260 8.000000E-04 -1.492800E-02 -3.763787E-02 6.604506E-02
   261 8.000000E-04 2.649006E-02 -6.400904E-02 6.437014E-02
   262 8.000000E-04 1.520754E-02 -1.670598E-03 1.159558E-01
   263 8.000000E-04 2.885944E-03 -6.445882E-02 3.813696E-02
   264 8.000000E-04 3.570109E-02 1.509678E-02 9.703359E-02
   265 8.000000E-04 3.824074E-03 3.976548E-02 6.353963E-02
   266 8.000000E-04 3.318812E-02 2.127789E-02 5.601311E-02
   267 8.000000E-04 -1.987280E-02 7.064963E-02 6.252151E-02
   268 8.000000E-04 4.108495E-02 -3.167114E-03 8.489100E-02
   269 8.000000E-04 4.316946E-03 -2.658732E-02 7.786490E-02
   270 8.000000E-04 -7.058867E-03 -6.428786E-02 3.441402E-02
   271 8.000000E-04 -1.285438E-02 -1.889944E-04 7.413322E-02
   272 8.000000E-04 -1.709760E-02 6.747328E-02 7.096345E-02
   273 8.000000E-04 4.085750E-02 -2.724187E-03 8.067435E-02
   274 8.000000E-04 2.776307E-03 -2.734292E-02 7.146105E-02
   275 8.000000E-04 -5.250828E-03 3.814647E-03 1.159356E-01
   276 8.000000E-04 1.384784E-02 2.078463E-02 7.110933E-02
   277 8.000000E-04 -1.720467E-03 -6.325694E-02 5.554540E-02
   278 8.000000E-04 -8.816973E-03 -4.753041E-04 6.218352E-02
   279 8.000000E-04 6.366523E-03 -6.577508E-02 4.922297E-02
   280 8.000000E-04 3.569648E-02 1.367587E-02 8.666656E-02
   281 8.000000E-04 4.017382E-03 3.602155E-02 5.604873E-02
   282 8.000000E-04 -1.365137E-02 -5.919373E-02 5.694752E-02
   283 8.000000E-04 -2.492814E-02 6.932492E-03 7.512410E-02
   284 8.000000E-04 -2.524013E-02 4.717370E-03 7.717087E-02
   285 8.000000E-04 1.004884E-02 2.785120E-02 1.105092E-01
   286 8.000000E-04 2.847130E-03 -3.749781E-02 4.931214E-02
   287 8.000000E-04 -1.342253E-02 1.402315E-02 1.233800E-03
   288 8.000000E-04 9.781742E-04 6.737289E-02 7.378808E-02
   289 8.000000E-04 -2.596153E-02 -2.644254E-03 7.141521E-02
   290 8.000000E-04 1.852869E-02 -3.226394E-02 8.485294E-02
   291 8.000000E-04 1.652196E-03 5.027746E-02 8.084034E-02
   292 8.000000E-04 -1.105220E-02 6.156459E-02 3.044463E-02
   293 8.000000E-04 -2.684101E-03 -3.678991E-02 3.817394E-02
   294 8.000000E-04 -2.036003E-02 -1.658619E-03 6.973895E-02
   295 8.000000E-04 -4.484495E-03 -9.730823E-03 1.032198E-01
   296 8.000000E-04 -3.272707E-02 -2.348910E-02 1.063976E-01
   297 8.000000E-04 3.458670E-02 -1.003817E-02 7.537030E-02
   298 8.000000E-04 -2.117156E-03 -3.684331E-02 4.980991E-02
   299 8.000000E-04 -3.211107E-02 3.237034E-02 7.579816E-02
   300 8.000000E-04 -2.073182E-02 -1.566459E-03 7.823356E-02
   301 8.000000E-04 -5.740473E-03 -9.913334E-03 1.244852E-01
   302 8.000000E-04 3.424408E-02 -6.683875E-03 6.008630E-02
   303 8.000000E-04 -1.788055E-02 2.694246E-03 5.560729E-02
   304 8.000000E-04 1.155709E-02 -4.191946E-02 8.716337E-02
   305 8.000000E-04 -2.611888E-02 6.093143E-02 5.507100E-02
   306 8.000000E-04 -3.251877E-03 -3.704382E-02 5.395743E-02
   307 8.000000E-04 -2.103444E-02 -1.048365E-03 5.530741E-02
   308 8.000000E-04 -6.021970E-03 -1.114588E-02 1.115786E-01
   309 8.000000E-04 -2.137798E-02 -1.761265E-02 9.502360E-02
   310 8.000000E-04 2.862352E-02 -4.305090E-02 6.187993E-02
   311 8.000000E-04 -4.999384E-03 5.195365E-02 7.991214E-02
   312 8.000000E-04 -2.800376E-02 5.060573E-02 9.436588E-02
   313 8.000000E-04 3.027661E-02 -1.794834E-02 4.300872E-02
   314 8.000000E-04 1.707302E-02 2.976763E-03 5.185907E-02
   315 8.000000E-04 8.901174E-03 3.803633E-02 3.716222E-02
   316 8.000000E-04 2.712463E-03 -1.041654E-02 7.133277E-02
   317 8.000000E-04 -2.160793E-02 2.443476E-02 8.937934E-02
   318 8.000000E-04 -2.094763E-02 6.295927E-03 6.499971E-02
   319 8.000000E-04 -1.561076E-02 3.026868E-02 5.329952E-02
   320 8.000000E-04 -2.534788E-03 -6.453068E-02 7.795871E-02
   321 8.000000E-04 -3.683651E-02 -2.003413E-03 1.115471E-01
   322 8.000000E-04 -2.616030E-02 3.220786E-02 5.279981E-02
   323 8.000000E-04 -7.187050E-03 3.261915E-02 3.465513E-02
   324 8.000000E-04 -2.518061E-02 -5.847942E-02 5.685904E-02
   325 8.000000E-04 3.387436E-03 -4.374358E-02 8.045445E-02
   326 8.000000E-04 -2.515881E-02 6.386861E-02 4.906852E-02
   327 8.000000E-04 -3.851192E-03 6.250622E-02 7.076914E-02
   328 8.000000E-04 4.927157E-03 3.287081E-02 3.672565E-02
   329 8.000000E-04 3.415145E-03 -1.738107E-02 8.007232E-02
   330 8.000000E-04 1.096110E-02 4.421091E-02 7.905794E-02
   331 8.000000E-04 -1.184762E-02 4.522493E-02 4.635596E-02
   332 8.000000E-04 1.342253E-02 -1.068317E-03 4.754019E-02
   333 8.000000E-04 -2.580943E-02 -1.412689E-03 7.815675E-02
   334 8.000000E-04 -1.175116E-02 6.264726E-02 5.590028E-02
   335 8.000000E-04 -1.201716E-02 3.820573E-02 4.643952E-02
   336 8.000000E-04 3.061501E-03 -3.528405E-02 8.821557E-02
   337 8.000000E-04 -3.220414E-02 -4.333120E-02 1.017376E-01
   338 8.000000E-04 -4.119718E-03 3.947969E-02 3.869166E-02
   339 8.000000E-04 -3.076518E-02 2.285108E-03 1.160698E-01
   340 8.000000E-04 3.482414E-02 -1.950862E-02 4.514277E-02
   341 8.000000E-04 4.620121E-03 3.320034E-02 3.531239E-02
   342 8.000000E-04 -6.203579E-03 -8.159870E-03 9.597336E-02
   343 8.000000E-04 -1.074276E-02 -3.196290E-02 1.165698E-01
   344 8.000000E-04 -3.698791E-03 -4.182283E-02 5.494906E-02
   345 8.000000E-04 -1.425656E-02 4.480981E-02 4.182425E-02
   346 8.000000E-04 -2.438239E-03 4.703839E-02 3.301112E-02
   347 8.000000E-04 -1.890587E-02 -5.973266E-02 5.602858E-02
   348 8.000000E-04 -2.785298E-02 6.509750E-02 4.179800E-02
   349 8.000000E-04 3.534305E-03 -1.551969E-02 5.361256E-02
   350 8.000000E-04 1.054619E-02 4.414320E-02 8.379307E-02
   351 8.000000E-04 4.097911E-03 -4.192831E-02 5.564162E-02
   352 8.000000E-04 -1.091776E-02 -2.252623E-02 5.429819E-02
   353 8.000000E-04 4.886515E-03 2.248153E-02 4.901043E-02
   354 8.000000E-04 -1.224630E-02 -4.310782E-02 4.706679E-02
   355 8.000000E-04 -1.226015E-02 6.118894E-02 6.397494E-02
   356 8.000000E-04 9.342275E-03 -4.784808E-03 5.755475E-02
   357 8.000000E-04 -2.868232E-02 -3.084989E-03 1.033976E-01
   358 8.000000E-04 -1.434461E-02 2.065332E-02 3.936894E-02
   359 8.000000E-04 -1.964850E-02 1.974150E-02 5.744656E-04
   360 8.000000E-04 -1.846005E-02 5.979820E-03 9.428714E-02
   361 8.000000E-04 -2.604974E-02 -5.718334E-02 7.726157E-02
   362 8.000000E-04 1.925923E-02 1.172002E-02 1.037208E-01
   363 8.000000E-04 1.344918E-02 -3.490231E-02 5.444913E-02
   364 8.000000E-04 -1.069406E-02 -2.425882E-02 1.188666E-01
   365 8.000000E-04 -6.881226E-03 -5.787675E-03 1.242270E-01
   366 8.000000E-04 9.512731E-03 2.903157E-02 4.972249E-02
   367 8.000000E-04 2.087278E-02 -1.069425E-02 5.777848E-02
   368 8.000000E-04 -2.080556E-02 -6.445446E-02 7.894289E-02
   369 8.000000E-04 -1.256528E-02 1.238961E-02 4.767188E-02
   370 8.000000E-04 -8.285990E-03 -6.593854E-02 3.353494E-02
   371 8.000000E-04 -2.035472E-02 -4.250303E-02 1.130343E-01
   372 8.000000E-04 -2.981272E-02 2.846715E-02 8.877240E-02
   373 8.000000E-04 -1.750541E-02 -5.890894E-03 1.163314E-01
   374 8.000000E-04 -3.869097E-03 -1.252424E-02 8.572052E-02
   375 8.000000E-04 -1.878107E-02 -1.405960E-02 7.545316E-02
   376 8.000000E-04 1.115841E-02 -2.770077E-02 8.132431E-02
   377 8.000000E-04 3.750346E-03 -3.651440E-02 5.541369E-02
   378 8.000000E-04 -1.684428E-02 -1.088568E-02 5.546486E-02
   379 8.000000E-04 1.096061E-02 -1.030658E-02 9.446191E-02
   380 8.000000E-04 -4.258438E-03 6.235575E-03 7.186394E-02
   381 8.000000E-04 1.077692E-02 -6.441539E-02 5.766537E-02
   382 8.000000E-04 -1.783014E-02 -1.311947E-03 4.758770E-02
   383 8.000000E-04 -2.811558E-02 -9.330647E-03 1.165140E-01
   384 8.000000E-04 1.780195E-02 3.867705E-02 6.573516E-02
   385 8.000000E-04 -1.976977E-02 4.501983E-02 7.959917E-02
   386 8.000000E-04 -1.953883E-02 -2.432591E-02 7.414295E-02
   387 8.000000E-04 -2.653645E-02 6.135610E-02 6.278495E-02
   388 8.000000E-04 -5.639431E-03 3.293868E-02 8.316705E-02
   389 8.000000E-04 1.919539E-02 3.660644E-02 7.023220E-02
   390 8.000000E-04 -2.056962E-02 4.516745E-02 6.996433E-02
   391 8.000000E-04 -1.116154E-02 6.773402E-02 5.523594E-02
   392 8.000000E-04 -3.208652E-02 4.281837E-02 6.451256E-02
   393 8.000000E-04 -1.736687E-02 -4.472437E-02 4.703419E-02
   394 8.000000E-04 -3.228697E-02 4.899758E-02 6.977816E-02
   395 8.000000E-04 -1.196648E-02 6.994907E-02 4.715114E-02
   396 8.000000E-04 -1.073850E-02 4.659449E-02 5.748262E-02
   397 8.000000E-04 5.121369E-03 -5.063567E-02 4.921613E-02
   398 8.000000E-04 1.262449E-02 1.438393E-02 9.551423E-02
   399 8.000000E-04 -1.654246E-02 1.237478E-02 2.098321E-02
   400 8.000000E-04 -1.926915E-02 -5.903403E-02 6.245125E-02
   401 8.000000E-04 -1.750846E-02 1.266959E-02 1.531495E-02
   402 8.000000E-04 -1.787474E-02 7.921469E-03 1.685566E-02
   403 8.000000E-04 -5.731204E-03 -3.710438E-03 1.180631E-01
   404 8.000000E-04 3.176623E-03 4.541195E-02 3.183657E-02
   405 8.000000E-04 4.834189E-02 9.129023E-03 7.943961E-02
   406 8.000000E-04 -2.976772E-03 -3.389173E-02 6.889604E-02
   407 8.000000E-04 -3.312907E-02 3.093114E-02 8.694462E-02
   408 8.000000E-04 -1.418614E-02 2.030522E-02 0.000000E+00
   409 8.000000E-04 3.668984E-03 1.365427E-02 1.044597E-01
   410 8.000000E-04 -3.333973E-02 5.517573E-02 8.080971E-02
   411 8.000000E-04 1.701339E-02 -4.020376E-02 7.202646E-02
   412 8.000000E-04 3.031002E-02 1.159431E-02 5.087294E-02
   413 8.000000E-04 -1.790910E-02 7.418839E-02 4.580792E-02
   414 8.000000E-04 1.183080E-02 -9.916852E-03 7.920735E-02
   415 8.000000E-04 -2.030265E-02 3.775121E-02 6.426338E-02
   416 8.000000E-04 2.324288E-03 6.655870E-02 3.510355E-02
   417 8.000000E-04 -2.119550E-02 -6.407309E-02 6.078676E-02
   418 8.000000E-04 -2.941446E-02 -4.789425E-02 9.932892E-02
   419 8.000000E-04 -2.063132E-02 3.790079E-02 7.900343E-02
   420 8.000000E-04 -2.750911E-02 4.450830E-02 7.937653E-02
   421 8.000000E-04 -2.767875E-02 5.384580E-02 8.019598E-02
   422 8.000000E-04 -1.181960E-02 3.903748E-02 6.471023E-02
   423 8.000000E-04 2.808188E-02 -2.634335E-02 6.369033E-02
   424 8.000000E-04 -2.919504E-02 6.569386E-03 1.037145E-01
   425 8.000000E-04 2.042007E-02 -2.444996E-02 9.386597E-02
   426 8.000000E-04 -1.953715E-02 -1.739266E-02 7.994258E-02
   427 8.000000E-04 2.991699E-03 -8.433238E-03 6.555404E-02
   428 8.000000E-04 -2.058508E-02 2.194399E-02 9.453906E-02
   429 8.000000E-04 3.858678E-03 1.216660E-02 5.396878E-02
   430 8.000000E-04 -4.307043E-03 4.616850E-02 3.857716E-02
   431 8.000000E-04 3.537687E-02 -2.695113E-02 5.686491E-02
   432 8.000000E-04 -2.761748E-02 4.565566E-02 6.497228E-02
   433 8.000000E-04 2.971827E-02 3.404901E-02 7.342892E-02
   434 8.000000E-04 1.960915E-02 -1.779866E-02 8.700381E-02
   435 8.000000E-04 -1.127849E-02 -5.782655E-02 8.846269E-02
   436 8.000000E-04 -2.963787E-02 -4.209732E-02 1.160454E-01
   437 8.000000E-04 2.517518E-03 2.448459E-02 7.773382E-02
   438 8.000000E-04 -1.005854E-02 3.794201E-02 7.965191E-02
   439 8.000000E-04 -1.887077E-02 -1.651590E-02 6.468826E-02
   440 8.000000E-04 3.435619E-03 1.299213E-02 9.505292E-02
   441 8.000000E-04 4.764473E-03 -8.391942E-03 7.735220E-02
   442 8.000000E-04 -1.909339E-02 2.292246E-02 8.007975E-02
   443 8.000000E-04 1.766492E-02 -2.678286E-02 1.052895E-01
   444 8.000000E-04 -1.926613E-02 -2.009490E-02 7.095089E-02
   445 8.000000E-04 -2.874284E-02 3.845883E-02 8.018139E-02
   446 8.000000E-04 -1.175783E-02 -6.457107E-02 8.845570E-02
   447 8.000000E-04 1.303580E-02 6.845473E-03 1.110248E-01
   448 8.000000E-04 -5.825220E-03 2.006748E-02 8.110985E-02
   449 8.000000E-04 -1.860090E-02 7.773793E-03 8.654447E-02
   450 8.000000E-04 2.739353E-02 -5.774503E-02 5.516861E-02
   451 8.000000E-04 -1.798919E-02 -6.436293E-02 7.423171E-02
   452 8.000000E-04 1.222419E-02 -1.740338E-02 1.104778E-01
   453 8.000000E-04 -2.110099E-02 3.643635E-02 7.303722E-02
   454 8.000000E-04 -6.134009E-03 3.040825E-02 7.011572E-02
   455 8.000000E-04 -1.778674E-02 -1.345250E-02 6.084101E-02
   456 8.000000E-04 -1.896835E-02 1.306835E-02 1.099736E-01
   457 8.000000E-04 -2.907234E-02 -2.234101E-03 1.163714E-01
   458 8.000000E-04 -2.863121E-02 4.553296E-02 5.663366E-02
   459 8.000000E-04 -2.645688E-02 3.251208E-02 5.014625E-02
   460 8.000000E-04 -3.381714E-02 -1.315431E-03 1.159419E-01
   461 8.000000E-04 -2.797393E-02 3.775544E-02 5.523549E-02
   462 8.000000E-04 -2.731526E-02 2.910723E-02 1.011819E-01
   463 8.000000E-04 -1.124543E-02 -6.415217E-02 9.342623E-02
   464 8.000000E-04 -2.110549E-02 3.129467E-02 5.496845E-02
   465 8.000000E-04 4.748216E-03 6.218314E-02 3.961026E-02
   466 8.000000E-04 3.572479E-02 6.421580E-03 8.724396E-02
   467 8.000000E-04 -9.576764E-03 -5.345320E-02 1.080288E-01
   468 8.000000E-04 4.534088E-03 4.628727E-02 3.791811E-02
   469 8.000000E-04 -2.682356E-02 -5.778685E-02 7.475102E-02
   470 8.000000E-04 -4.270045E-03 2.158340E-02 1.097252E-01
   471 8.000000E-04 -1.752019E-02 4.432525E-02 4.648749E-02
   472 8.000000E-04 -1.802579E-02 2.407669E-02 6.712793E-02
   473 8.000000E-04 6.665419E-03 -1.037290E-02 9.557338E-02
   474 8.000000E-04 1.202474E-02 -8.991521E-03 6.362226E-02
   475 8.000000E-04 -3.948360E-03 2.960765E-02 6.175294E-02
   476 8.000000E-04 -2.025965E-02 5.311724E-02 8.710875E-02
   477 8.000000E-04 -3.305098E-02 4.508605E-02 8.744664E-02
   478 8.000000E-04 -1.365266E-02 7.445692E-02 4.013364E-02
   479 8.000000E-04 -4.451222E-03 7.587221E-03 6.389201E-02
   480 8.000000E-04 3.109134E-02 -1.984475E-02 1.006411E-01
   481 8.000000E-04 -2.004768E-02 -1.012443E-02 1.129748E-01
   482 8.000000E-04 1.076151E-02 -9.373188E-03 1.044378E-01
   483 8.000000E-04 -1.230871E-02 3.885051E-02 4.160164E-02
   484 8.000000E-04 3.516313E-03 -3.369247E-02 1.097102E-01
   485 8.000000E-04 -1.139640E-02 -2.702978E-02 1.113041E-01
   486 8.000000E-04 1.656546E-03 -4.038348E-02 1.089132E-01
   487 8.000000E-04 -1.195909E-02 1.839930E-02 5.817187E-02
   488 8.000000E-04 1.227582E-02 3.788950E-02 8.052100E-02
   489 8.000000E-04 -2.839341E-02 -4.260882E-02 1.127123E-01
   490 8.000000E-04 -1.045377E-02 -2.437681E-03 5.456863E-02
   491 8.000000E-04 5.699959E-03 -3.442466E-02 6.555619E-02
   492 8.000000E-04 1.215783E-02 2.995295E-02 9.508478E-02
   493 8.000000E-04 -1.273821E-02 -6.471950E-02 4.979089E-02
   494 8.000000E-04 -1.166440E-02 6.879285E-02 6.548044E-02
   495 8.000000E-04 1.785159E-02 -3.566784E-03 9.315662E-02
   496 8.000000E-04 1.107851E-02 -5.063058E-02 7.247117E-02
   497 8.000000E-04 -2.902122E-02 4.266078E-02 4.997116E-02
   498 8.000000E-04 -1.983792E-02 -1.797284E-02 1.126373E-01
   499 8.000000E-04 5.936910E-03 1.319685E-02 1.099771E-01
   500 8.000000E-04 2.596794E-02 -2.470538E-02 7.342540E-02
   501 8.000000E-04 4.521534E-03 3.999185E-02 3.242362E-02
   502 8.000000E-04 -3.536185E-02 -8.651021E-03 1.161446E-01
   503 8.000000E-04 -3.454979E-03 5.279354E-02 7.090704E-02
   504 8.000000E-04 -1.982759E-02 5.528453E-03 7.893447E-02
   505 8.000000E-04 -2.418107E-02 -4.475953E-02 6.094819E-02
   506 8.000000E-04 1.240465E-02 -4.346321E-02 6.249143E-02
   507 8.000000E-04 2.923185E-02 -3.318830E-03 6.541245E-02
   508 8.000000E-04 3.222282E-03 4.241401E-02 9.540261E-02
   509 8.000000E-04 -1.221996E-02 2.984682E-02 7.088642E-02
   510 8.000000E-04 -2.618966E-02 1.340702E-02 8.926408E-02
   511 8.000000E-04 -1.289809E-02 -4.828254E-02 4.765889E-02
   512 8.000000E-04 4.485054E-03 4.238022E-02 1.006841E-01
   513 8.000000E-04 -1.933058E-02 3.123795E-02 6.340156E-02
   514 8.000000E-04 4.163062E-03 6.191751E-02 3.438845E-02
   515 8.000000E-04 -3.633069E-02 1.386000E-02 1.033971E-01
   516 8.000000E-04 3.551414E-02 1.557040E-02 1.022056E-01
   517 8.000000E-04 2.057689E-02 -5.056418E-02 5.565030E-02
   518 8.000000E-04 5.086554E-03 3.820704E-02 3.709455E-02
   519 8.000000E-04 2.891827E-02 1.806981E-02 1.084650E-01
   520 8.000000E-04 -1.910690E-02 -1.697590E-02 1.170315E-01
   521 8.000000E-04 2.885460E-02 -2.565974E-02 4.731160E-02
   522 8.000000E-04 3.123709E-03 -4.204843E-02 4.932999E-02
   523 8.000000E-04 -5.081031E-03 4.951208E-03 1.122190E-01
   524 8.000000E-04 -1.781759E-02 1.295248E-02 7.536381E-03
   525 8.000000E-04 -1.159137E-02 2.909745E-02 1.102838E-01
   526 8.000000E-04 -2.574477E-02 -3.246629E-02 8.972685E-02
   527 8.000000E-04 -3.869989E-03 -2.658750E-02 1.099688E-01
   528 8.000000E-04 -3.474531E-03 4.680687E-02 8.044440E-02
   529 8.000000E-04 2.684749E-02 -3.394015E-02 6.184136E-02
   530 8.000000E-04 -9.131066E-03 9.084279E-03 5.483852E-02
   531 8.000000E-04 -1.874302E-02 3.892711E-02 4.296359E-02
   532 8.000000E-04 9.751398E-03 -1.217587E-02 7.027097E-02
   533 8.000000E-04 4.100380E-03 -1.129977E-02 1.108685E-01
   534 8.000000E-04 3.491477E-02 2.930183E-02 7.185830E-02
   535 8.000000E-04 -1.821695E-02 2.415467E-02 4.504473E-02
   536 8.000000E-04 -1.203134E-02 1.372673E-02 1.116018E-01
   537 8.000000E-04 1.171898E-02 -1.996164E-02 1.063646E-01
   538 8.000000E-04 3.929211E-03 -5.099259E-02 8.508331E-02
   539 8.000000E-04 3.214134E-02 -6.621200E-02 5.871236E-02
   540 8.000000E-04 -1.691013E-02 5.705189E-02 3.257392E-02
   541 8.000000E-04 -9.002042E-03 -4.104411E-02 1.108674E-01
   542 8.000000E-04 9.185892E-03 -2.089361E-02 6.321986E-02
   543 8.000000E-04 -1.214211E-02 -1.059583E-02 1.127470E-01
   544 8.000000E-04 4.527397E-03 -5.895794E-02 7.203745E-02
   545 8.000000E-04 -6.988328E-03 3.958133E-02 4.452631E-02
   546 8.000000E-04 2.896222E-03 -1.906062E-02 1.092767E-01
   547 8.000000E-04 2.410384E-02 -3.379233E-02 7.969649E-02
   548 8.000000E-04 -5.201232E-03 4.713915E-02 6.361250E-02
   549 8.000000E-04 -2.795469E-02 -3.299656E-03 1.116128E-01
   550 8.000000E-04 3.842339E-03 -4.999299E-02 8.027446E-02
   551 8.000000E-04 -1.122790E-02 -1.764143E-02 1.119257E-01
   552 8.000000E-04 -2.179920E-02 -3.658203E-02 1.123041E-01
   553 8.000000E-04 -3.362358E-02 -3.571321E-02 1.110213E-01
   554 8.000000E-04 1.682127E-02 2.609065E-02 1.047600E-01
   555 8.000000E-04 -1.104096E-03 -4.917609E-02 3.230880E-02
   556 8.000000E-04 -2.013348E-02 -3.515231E-02 9.544279E-02
   557 8.000000E-04 4.002384E-02 2.095401E-03 5.970486E-02
   558 8.000000E-04 6.341139E-03 -2.486026E-03 9.378612E-02
   559 8.000000E-04 -1.969311E-02 -4.324420E-02 1.162935E-01
   560 8.000000E-04 -3.352393E-02 -4.142863E-02 1.118602E-01
   561 8.000000E-04 -2.507514E-02 -5.025200E-02 6.495093E-02
   562 8.000000E-04 1.640129E-02 4.350226E-02 6.776266E-02
   563 8.000000E-04 -3.463548E-02 -1.727583E-02 1.100322E-01
   564 8.000000E-04 -2.087790E-02 3.828899E-02 8.744252E-02
   565 8.000000E-04 3.208384E-02 -6.553950E-02 5.981485E-02
   566 8.000000E-04 -8.829661E-03 -4.172293E-02 1.163491E-01
   567 8.000000E-04 -1.038784E-02 -4.785774E-03 1.189515E-01
   568 8.000000E-04 -2.319241E-02 5.983902E-02 8.093058E-02
   569 8.000000E-04 -2.839760E-02 -2.370064E-02 1.094930E-01
   570 8.000000E-04 -3.644193E-03 6.270587E-02 3.858925E-02
   571 8.000000E-04 -3.340163E-03 -4.874181E-02 5.407492E-02
   572 8.000000E-04 -1.186170E-02 -9.516736E-03 1.185036E-01
   573 8.000000E-04 -2.666736E-03 -6.431003E-02 8.849890E-02
   574 8.000000E-04 -2.736375E-02 3.746800E-02 7.307008E-02
   575 8.000000E-04 2.418984E-02 4.416001E-02 6.007886E-02
   576 8.000000E-04 -1.243737E-02 -6.405121E-02 7.938051E-02
   577 8.000000E-04 -1.242112E-02 2.068375E-02 6.394330E-02
   578 8.000000E-04 1.113093E-02 -1.689946E-02 8.011572E-02
   579 8.000000E-04 -1.080888E-02 -1.202367E-02 6.138702E-02
   580 8.000000E-04 2.778573E-02 -6.008907E-02 6.223823E-02
   581 8.000000E-04 -2.065180E-02 2.927882E-02 4.739740E-02
   582 8.000000E-04 -2.800906E-02 -1.913426E-02 9.021692E-02
   583 8.000000E-04 9.277913E-03 4.644376E-02 3.291174E-02
   584 8.000000E-04 -4.305777E-03 1.492467E-02 1.109146E-01
   585 8.000000E-04 -1.842692E-02 4.371534E-02 4.256992E-02
   586 8.000000E-04 -1.173683E-02 4.667572E-02 8.039789E-02
   587 8.000000E-04 -1.736902E-02 4.720546E-02 5.832371E-02
   588 8.000000E-04 -4.028413E-02 -1.505909E-02 1.101993E-01
   589 8.000000E-04 -2.107167E-02 3.617595E-02 5.464353E-02
   590 8.000000E-04 3.494739E-03 6.718207E-02 3.917322E-02
   591 8.000000E-04 3.788046E-03 -7.130014E-03 1.240865E-01
   592 8.000000E-04 -2.126654E-02 -6.450694E-02 5.792016E-02
   593 8.000000E-04 -1.445985E-02 1.295791E-02 7.833045E-03
   594 8.000000E-04 3.872360E-04 6.684435E-02 6.346334E-02
   595 8.000000E-04 -5.064640E-03 -1.000955E-02 6.292943E-02
   596 8.000000E-04 -3.386728E-02 2.074526E-02 9.665290E-02
   597 8.000000E-04 -1.833823E-03 1.429022E-02 5.434684E-02
   598 8.000000E-04 3.945087E-04 -1.926563E-02 1.169852E-01
   599 8.000000E-04 -1.283275E-02 2.257458E-02 7.210086E-02
   600 8.000000E-04 -3.226107E-02 3.901653E-02 8.256721E-02
   601 8.000000E-04 -2.003861E-02 -5.763498E-02 7.357071E-02
   602 8.000000E-04 -3.263773E-02 -4.379268E-02 1.159909E-01
   603 8.000000E-04 -2.889772E-02 -4.939165E-02 1.026335E-01
   604 8.000000E-04 -4.467772E-03 6.853833E-02 3.963891E-02
   605 8.000000E-04 -2.061904E-02 5.402244E-02 6.318211E-02
   606 8.000000E-04 -2.939699E-02 2.167145E-02 8.969566E-02
   607 8.000000E-04 -1.748194E-02 -4.503762E-02 6.877559E-02
   608 8.000000E-04 8.634029E-03 2.243762E-02 4.819061E-02
   609 8.000000E-04 4.050167E-03 -4.882527E-02 5.378558E-02
   610 8.000000E-04 1.313513E-02 1.320739E-02 1.038752E-01
   611 8.000000E-04 -3.075574E-03 -5.070794E-02 4.051288E-02
   612 8.000000E-04 -1.966778E-02 -3.422204E-02 1.023007E-01
   613 8.000000E-04 -1.947905E-02 2.326279E-02 7.012407E-02
   614 8.000000E-04 2.082880E-02 5.533729E-03 8.786877E-02
   615 8.000000E-04 -3.169566E-03 -5.892566E-02 5.491822E-02
   616 8.000000E-04 2.424051E-02 -3.415648E-02 6.865483E-02
   617 8.000000E-04 -4.357808E-03 4.652238E-02 7.179988E-02
   618 8.000000E-04 -9.881007E-03 -4.244809E-02 5.385939E-02
   619 8.000000E-04 -1.421057E-02 -6.351872E-02 7.314751E-02
   620 8.000000E-04 -1.230783E-02 6.798441E-02 7.017041E-02
   621 8.000000E-04 -5.450688E-03 -2.573420E-02 7.747987E-02
   622 8.000000E-04 -4.696874E-03 -3.364251E-02 1.099218E-01
   623 8.000000E-04 -3.245264E-02 2.155402E-03 1.160361E-01
   624 8.000000E-04 2.789350E-02 2.226539E-02 8.065242E-02
   625 8.000000E-04 3.989479E-03 5.340079E-02 2.728155E-02
   626 8.000000E-04 -1.028709E-02 -1.833371E-02 5.590230E-02
   627 8.000000E-04 -1.100180E-02 5.352273E-02 8.499557E-02
   628 8.000000E-04 -1.161237E-02 -5.893953E-02 7.117639E-02
   629 8.000000E-04 -3.248064E-02 3.248608E-02 7.485231E-02
   630 8.000000E-04 -2.521041E-02 3.637698E-02 4.959762E-02
   631 8.000000E-04 -1.989826E-02 -2.564473E-02 1.108575E-01
   632 8.000000E-04 -1.957729E-02 -9.871831E-03 1.167432E-01
   633 8.000000E-04 -1.166117E-02 -4.309094E-02 1.013507E-01
   634 8.000000E-04 3.286491E-02 -6.316448E-02 4.806571E-02
   635 8.000000E-04 -2.920729E-03 -5.740732E-02 7.959636E-02
   636 8.000000E-04 -1.296301E-02 1.403701E-02 5.489138E-02
   637 8.000000E-04 -6.785073E-03 2.826484E-02 4.717882E-02
   638 8.000000E-04 2.905918E-03 -2.616514E-02 1.093751E-01
   639 8.000000E-04 -2.082482E-03 3.797863E-02 6.625325E-02
   640 8.000000E-04 -3.550759E-02 5.206629E-03 1.097169E-01
   641 8.000000E-04 2.830750E-02 6.162034E-03 7.908896E-02
   642 8.000000E-04 -2.232907E-02 7.266661E-02 3.543855E-02
   643 8.000000E-04 5.220849E-03 3.887358E-02 7.938426E-02
   644 8.000000E-04 -6.682255E-03 -4.195561E-02 1.163545E-01
   645 8.000000E-04 -9.694709E-03 -1.662734E-02 6.530818E-02
   646 8.000000E-04 -1.213933E-02 5.378975E-02 4.694876E-02
   647 8.000000E-04 -1.095205E-02 -3.396426E-02 1.110488E-01
   648 8.000000E-04 2.516952E-02 -6.533356E-02 7.588667E-02
   649 8.000000E-04 -2.777246E-02 4.695502E-02 7.132914E-02
   650 8.000000E-04 1.886112E-02 2.205917E-02 9.485920E-02
   651 8.000000E-04 -4.037816E-03 -4.126266E-02 4.094421E-02
   652 8.000000E-04 -1.041041E-02 -2.075431E-02 7.741445E-02
   653 8.000000E-04 -1.224331E-02 5.381410E-02 6.353145E-02
   654 8.000000E-04 -4.470683E-03 -1.040657E-02 7.262500E-02
   655 8.000000E-04 -2.765720E-02 3.142483E-02 7.317421E-02
   656 8.000000E-04 -1.932045E-02 -4.613382E-03 1.026895E-01
   657 8.000000E-04 3.652216E-02 -1.223320E-02 4.171092E-02
   658 8.000000E-04 -3.277042E-02 4.770479E-02 8.326636E-02
   659 8.000000E-04 -4.112251E-02 -1.120616E-02 1.055687E-01
   660 8.000000E-04 -2.536871E-03 3.589083E-02 5.601440E-02
   661 8.000000E-04 -8.592493E-03 3.168798E-02 4.768877E-02
   662 8.000000E-04 1.170900E-02 -1.000577E-02 1.113084E-01
   663 8.000000E-04 2.833854E-02 -1.875281E-02 9.444336E-02
   664 8.000000E-04 -2.090535E-02 -1.055864E-02 1.046699E-01
   665 8.000000E-04 2.850109E-02 6.561917E-03 7.099650E-02
   666 8.000000E-04 -2.026685E-02 7.133473E-02 3.975917E-02
   667 8.000000E-04 4.227626E-03 3.790536E-02 7.121795E-02
   668 8.000000E-04 -1.649984E-02 2.224133E-02 4.189376E-02
   669 8.000000E-04 -9.064303E-03 3.214278E-02 3.728963E-02
   670 8.000000E-04 -2.008070E-02 5.698195E-03 1.102232E-01
   671 8.000000E-04 3.497273E-02 1.102200E-02 5.071903E-02
   672 8.000000E-04 3.695829E-02 -2.167179E-02 5.936930E-02
   673 8.000000E-04 -2.913362E-02 5.872490E-03 1.103023E-01
   674 8.000000E-04 -1.362651E-02 3.756607E-02 5.659829E-02
   675 8.000000E-04 -2.042006E-02 -1.250334E-02 7.991226E-02
   676 8.000000E-04 1.102417E-02 -3.438248E-02 6.521154E-02
   677 8.000000E-04 -1.022032E-02 -2.569076E-02 7.696580E-02
   678 8.000000E-04 -4.147221E-02 -2.920321E-03 1.100632E-01
   679 8.000000E-04 3.665179E-02 -8.376748E-04 5.127041E-02
   680 8.000000E-04 1.325911E-02 3.860249E-02 6.561693E-02
   681 8.000000E-04 -4.339764E-03 -4.085320E-02 3.540655E-02
   682 8.000000E-04 -8.815621E-03 -2.129861E-02 7.493887E-02
   683 8.000000E-04 -1.043110E-02 5.373008E-02 4.104942E-02
   684 8.000000E-04 -3.762057E-03 -1.174536E-02 5.416400E-02
   685 8.000000E-04 -5.118153E-03 -1.813207E-02 6.559876E-02
   686 8.000000E-04 -2.245068E-02 5.009493E-02 1.000863E-01
   687 8.000000E-04 -1.603276E-02 1.411371E-02 5.948486E-02
   688 8.000000E-04 1.143039E-02 -5.051019E-02 4.965604E-02
   689 8.000000E-04 -5.593994E-03 -1.791162E-02 5.499341E-02
   690 8.000000E-04 9.170538E-03 -1.031267E-02 5.574870E-02
   691 8.000000E-04 3.818656E-03 -3.435907E-03 7.083761E-02
   692 8.000000E-04 4.060614E-02 -1.551925E-02 4.040107E-02
   693 8.000000E-04 -1.959109E-02 -3.297117E-03 1.123746E-01
   694 8.000000E-04 -2.679882E-02 3.097941E-02 8.033254E-02
   695 8.000000E-04 -1.425073E-02 -6.415269E-02 6.426674E-02
   696 8.000000E-04 -3.630213E-02 -1.025018E-02 1.113842E-01
   697 8.000000E-04 -2.723689E-03 -4.398174E-02 7.956036E-02
   698 8.000000E-04 -3.502224E-03 -2.708911E-02 7.108436E-02
   699 8.000000E-04 1.278467E-02 -3.368344E-02 7.119448E-02
   700 8.000000E-04 -8.971103E-03 -2.790907E-02 7.396269E-02
   701 8.000000E-04 9.888346E-03 3.626454E-02 9.631771E-02
   702 8.000000E-04 4.465487E-03 -4.325917E-02 7.210198E-02
   703 8.000000E-04 1.714411E-02 -3.476149E-02 1.105077E-01
   704 8.000000E-04 -3.921857E-03 -1.831870E-02 7.314804E-02
   705 8.000000E-04 -1.574443E-02 -1.281904E-02 8.119316E-02
   706 8.000000E-04 2.947098E-02 -5.817247E-02 4.914110E-02
   707 8.000000E-04 -2.099493E-02 5.226150E-02 7.258004E-02
   708 8.000000E-04 -1.170104E-02 3.520233E-02 1.013129E-01
   709 8.000000E-04 -1.183779E-02 6.329626E-02 3.935373E-02
   710 8.000000E-04 8.601320E-03 -5.532477E-02 8.630719E-02
   711 8.000000E-04 -3.865521E-03 -1.069275E-02 7.862169E-02
   712 8.000000E-04 -2.525280E-02 3.292277E-02 6.379410E-02
   713 8.000000E-04 -2.283260E-02 -3.229213E-03 9.937608E-02
   714 8.000000E-04 3.379619E-02 -1.212608E-02 4.445513E-02
   715 8.000000E-04 -1.186025E-02 2.112752E-02 1.106737E-01
   716 8.000000E-04 -2.677335E-02 5.305787E-02 6.462878E-02
   717 8.000000E-04 -1.040705E-02 -5.763950E-02 5.133200E-02
   718 8.000000E-04 -1.016953E-02 -2.711159E-02 9.357803E-02
   719 8.000000E-04 1.298603E-02 -3.469360E-02 7.926033E-02
   720 8.000000E-04 5.717007E-03 2.890921E-02 1.098406E-01
   721 8.000000E-04 -2.066092E-02 6.453286E-02 4.217945E-02
   722 8.000000E-04 -8.965946E-03 -5.593234E-03 1.241922E-01
   723 8.000000E-04 9.436988E-03 -6.465052E-02 4.800080E-02
   724 8.000000E-04 -5.730867E-03 -9.458847E-03 1.209708E-01
   725 8.000000E-04 3.411558E-02 -7.430665E-03 5.896233E-02
   726 8.000000E-04 5.047339E-03 2.179298E-02 5.548849E-02
   727 8.000000E-04 -2.106817E-02 -5.755430E-02 7.932653E-02
   728 8.000000E-04 -3.032357E-02 -3.784995E-02 1.158785E-01
   729 8.000000E-04 3.804153E-03 2.985594E-02 5.628364E-02
   730 8.000000E-04 4.940117E-03 -1.826286E-02 6.321895E-02
   731 8.000000E-04 8.520538E-03 4.179201E-02 9.259646E-02
   732 8.000000E-04 -1.942135E-02 1.279926E-02 6.386553E-02
   733 8.000000E-04 -1.250771E-02 3.669412E-02 7.125757E-02
   734 8.000000E-04 2.259063E-03 2.466637E-02 7.468299E-02
   735 8.000000E-04 1.098903E-02 2.937532E-02 5.735015E-02
   736 8.000000E-04 3.527682E-02 -3.508417E-02 6.124075E-02
   737 8.000000E-04 2.068574E-02 -1.104736E-02 6.340266E-02
   738 8.000000E-04 -2.557505E-02 2.291787E-02 7.076085E-02
   739 8.000000E-04 -4.300790E-03 -9.243066E-04 1.130506E-01
   740 8.000000E-04 1.220909E-02 2.888196E-02 6.363299E-02
   741 8.000000E-04 3.615928E-02 -3.401574E-02 5.735537E-02
   742 8.000000E-04 1.944683E-02 -1.129418E-02 7.170970E-02
   743 8.000000E-04 -1.692561E-02 2.668132E-02 1.103707E-01
   744 8.000000E-04 2.685860E-02 -8.072017E-03 6.528340E-02
   745 8.000000E-04 1.637645E-02 -6.300314E-02 7.720770E-02
   746 8.000000E-04 2.272360E-04 -4.054599E-03 4.352655E-02
   747 8.000000E-04 -2.344148E-03 3.042863E-02 5.779657E-02
   748 8.000000E-04 -2.032595E-02 5.530670E-03 7.320733E-02
   749 8.000000E-04 3.434874E-02 1.354989E-02 5.551875E-02
   750 8.000000E-04 -2.423054E-02 -1.377161E-02 7.889684E-02
   751 8.000000E-04 -1.285314E-02 2.953401E-02 6.447073E-02
   752 8.000000E-04 1.131199E-02 -5.040983E-02 5.566130E-02
   753 8.000000E-04 -2.497156E-02 -6.090147E-02 6.052506E-02
   754 8.000000E-04 -3.721729E-03 2.039704E-02 7.399385E-02
   755 8.000000E-04 -2.817902E-02 1.265472E-02 1.088427E-01
   756 8.000000E-04 -5.615148E-03 4.576129E-02 5.718406E-02
   757 8.000000E-04 -1.911641E-02 1.302690E-02 7.806730E-02
   758 8.000000E-04 -8.431336E-03 3.249629E-02 3.515370E-02
   759 8.000000E-04 -5.562700E-04 2.318470E-02 6.296344E-02
   760 8.000000E-04 -3.232107E-02 5.754531E-02 9.169146E-02
   761 8.000000E-04 -3.188730E-03 2.206735E-02 1.056541E-01
   762 8.000000E-04 1.277034E-02 3.766620E-02 5.553472E-02
   763 8.000000E-04 3.419575E-03 -1.208134E-02 5.411403E-02
   764 8.000000E-04 -1.959902E-02 2.129013E-02 1.042514E-01
   765 8.000000E-04 -2.646940E-02 -1.678957E-02 1.157114E-01
   766 8.000000E-04 1.254997E-02 4.598126E-02 6.392220E-02
   767 8.000000E-04 -3.183158E-03 3.780277E-02 6.994334E-02
   768 8.000000E-04 1.960600E-02 -2.827858E-02 8.564569E-02
   769 8.000000E-04 2.801249E-02 3.080881E-02 5.775738E-02
   770 8.000000E-04 -1.304622E-02 2.867468E-02 8.033685E-02
   771 8.000000E-04 -1.190061E-02 2.086063E-02 7.981779E-02
   772 8.000000E-04 2.403384E-02 4.977031E-02 5.127486E-02
   773 8.000000E-04 1.215709E-02 -5.243453E-02 3.981027E-02
   774 8.000000E-04 -5.322512E-03 3.789031E-02 8.014022E-02
   775 8.000000E-04 -1.251244E-02 7.115812E-03 8.643819E-02
   776 8.000000E-04 1.212569E-02 3.034927E-02 7.174715E-02
   777 8.000000E-04 3.251694E-02 -3.343816E-02 5.040849E-02
   778 8.000000E-04 1.918139E-02 -1.049647E-02 7.795416E-02
   779 8.000000E-04 6.088477E-04 -3.701369E-02 3.846047E-02
   780 8.000000E-04 -9.782108E-03 -5.593016E-02 1.085008E-01
   781 8.000000E-04 3.051488E-03 6.810200E-02 4.922824E-02
   782 8.000000E-04 5.243372E-03 -3.853855E-03 7.770318E-02
   783 8.000000E-04 -4.944036E-03 2.699265E-02 1.090776E-01
   784 8.000000E-04 4.037948E-02 6.492562E-03 5.123563E-02
   785 8.000000E-04 5.551206E-03 2.913905E-02 7.902075E-02
   786 8.000000E-04 5.586426E-03 -3.354464E-02 7.834208E-02
   787 8.000000E-04 1.274954E-02 3.057135E-02 7.998001E-02
   788 8.000000E-04 -2.032722E-02 6.036098E-02 6.324789E-02
   789 8.000000E-04 -1.332188E-02 -1.721464E-03 4.039380E-02
   790 8.000000E-04 5.463180E-03 2.901205E-02 7.153141E-02
   791 8.000000E-04 -2.024681E-02 1.329500E-02 7.288958E-02
   792 8.000000E-04 2.621170E-02 5.087077E-02 5.572788E-02
   793 8.000000E-04 1.280018E-02 -5.071386E-02 6.262832E-02
   794 8.000000E-04 -1.956228E-02 4.629169E-02 6.455476E-02
   795 8.000000E-04 -1.234721E-02 4.523336E-02 7.063168E-02
   796 8.000000E-04 3.558695E-02 -1.915587E-02 8.950964E-02
   797 8.000000E-04 1.928219E-03 3.681301E-03 7.041657E-02
   798 8.000000E-04 -3.628646E-03 6.734397E-02 6.410847E-02
   799 8.000000E-04 2.792424E-02 -4.968664E-02 4.901101E-02
   800 8.000000E-04 -7.081514E-03 3.161076E-02 3.794030E-02
   801 8.000000E-04 -2.921729E-02 -1.826849E-02 1.111076E-01
   802 8.000000E-04 1.111668E-02 4.475819E-02 7.139458E-02
   803 8.000000E-04 4.204896E-02 2.803157E-02 6.990304E-02
   804 8.000000E-04 -3.596689E-03 6.826936E-02 7.218361E-02
   805 8.000000E-04 3.578621E-03 6.247976E-03 6.503111E-02
   806 8.000000E-04 3.254163E-02 -1.807111E-02 8.048580E-02
   807 8.000000E-04 1.145171E-02 -2.625055E-02 1.095446E-01
   808 8.000000E-04 3.675656E-02 -1.933690E-03 8.554426E-02
   809 8.000000E-04 2.015317E-02 -6.490096E-02 4.273455E-02
   810 8.000000E-04 -2.615640E-02 3.781594E-02 6.410254E-02
   811 8.000000E-04 4.856769E-02 1.071420E-02 7.846033E-02
   812 8.000000E-04 -4.073405E-02 4.548194E-03 1.080239E-01
   813 8.000000E-04 2.214645E-02 1.018082E-02 1.090113E-01
   814 8.000000E-04 -4.116148E-03 -6.426243E-02 6.500522E-02
   815 8.000000E-04 1.089477E-02 -3.712901E-02 5.066909E-02
   816 8.000000E-04 1.897532E-02 6.713927E-03 1.045201E-01
   817 8.000000E-04 -2.977426E-03 -5.892255E-02 7.236669E-02
   818 8.000000E-04 1.272975E-02 -4.224799E-02 5.519367E-02
   819 8.000000E-04 4.130129E-02 -2.114530E-02 6.533199E-02
   820 8.000000E-04 3.717625E-03 2.215954E-02 6.175251E-02
   821 8.000000E-04 -2.868789E-02 -4.303083E-02 1.033711E-01
   822 8.000000E-04 -2.015120E-02 -4.464881E-02 6.255741E-02
   823 8.000000E-04 -2.034756E-02 -4.962587E-02 6.448379E-02
   824 8.000000E-04 -2.580813E-02 -5.229380E-02 7.757309E-02
   825 8.000000E-04 4.512248E-03 -3.479210E-02 9.520518E-02
   826 8.000000E-04 -2.116316E-02 -5.159502E-02 7.911793E-02
   827 8.000000E-04 -2.662241E-02 -5.145714E-02 7.344710E-02
   828 8.000000E-04 4.750470E-03 -3.461945E-02 1.035560E-01
   829 8.000000E-04 -2.080222E-02 -4.984849E-02 7.160723E-02
   830 8.000000E-04 -2.187795E-02 -4.457444E-02 8.297219E-02
   831 8.000000E-04 -2.841298E-02 3.770929E-02 8.831495E-02
   832 8.000000E-04 -2.106896E-02 -3.372221E-02 8.826567E-02
   833 8.000000E-04 -2.129608E-02 -2.570939E-02 8.906644E-02
   834 8.000000E-04 4.398556E-03 4.865566E-03 1.037107E-01
   835 8.000000E-04 2.702552E-02 -2.037032E-02 6.293853E-02
   836 8.000000E-04 -2.029160E-02 -1.797177E-02 8.791866E-02
   837 8.000000E-04 2.981036E-02 -2.335045E-02 7.687316E-02
   838 8.000000E-04 1.283671E-02 4.691229E-02 5.452776E-02
   839 8.000000E-04 -2.834479E-02 -1.770870E-02 9.322774E-02
   840 8.000000E-04 -2.817556E-02 -3.141133E-02 9.602297E-02
   841 8.000000E-04 -1.200909E-02 3.096304E-02 1.032385E-01
   842 8.000000E-04 4.838254E-02 1.805091E-02 8.954266E-02
   843 8.000000E-04 9.040748E-03 -4.851846E-02 8.500871E-02
   844 8.000000E-04 -2.761665E-02 1.349000E-02 9.417121E-02
   845 8.000000E-04 -2.206726E-02 -2.559085E-02 9.503163E-02
   846 8.000000E-04 4.493405E-03 4.402770E-03 9.528486E-02
   847 8.000000E-04 2.539981E-02 -1.929885E-02 7.291271E-02
   848 8.000000E-04 3.512993E-02 -8.466622E-03 7.823552E-02
   849 8.000000E-04 -3.253961E-02 -2.817105E-02 9.852249E-02
   850 8.000000E-04 -2.778361E-02 -2.677132E-02 9.548969E-02
   851 8.000000E-04 -1.184955E-02 6.506223E-03 1.042653E-01
   852 8.000000E-04 -1.305704E-02 4.330555E-03 9.562953E-02
   853 8.000000E-04 -2.052168E-02 -2.726628E-02 1.031384E-01
   854 8.000000E-04 2.854453E-02 -1.918150E-02 7.984966E-02
   855 8.000000E-04 -2.853006E-02 -3.471494E-02 1.028748E-01
   856 8.000000E-04 1.957055E-02 -2.672266E-03 8.928789E-02
   857 8.000000E-04 8.879256E-03 -5.108191E-02 7.993187E-02
   858 8.000000E-04 4.275688E-02 1.384155E-02 7.118470E-02
   859 8.000000E-04 1.214595E-02 5.866047E-03 8.127170E-02
   860 8.000000E-04 -2.718349E-02 -1.133149E-02 9.695367E-02
   861 8.000000E-04 4.508214E-02 1.543371E-02 6.734983E-02
   862 8.000000E-04 1.328734E-02 5.787516E-03 6.901274E-02
   863 8.000000E-04 -2.788191E-02 -1.015550E-02 1.041380E-01
   864 8.000000E-04 -3.246085E-02 -3.095886E-02 9.885210E-02
   865 8.000000E-04 -2.729959E-02 -1.377537E-02 9.086757E-02
   866 8.000000E-04 -2.009531E-02 -1.128142E-02 9.605214E-02
   867 8.000000E-04 1.951320E-02 6.940327E-03 7.106385E-02
   868 8.000000E-04 -3.698690E-02 -1.192531E-02 1.056344E-01
   869 8.000000E-04 -4.516624E-03 6.775464E-02 3.320677E-02
   870 8.000000E-04 1.777777E-02 3.520862E-02 7.848593E-02
   871 8.000000E-04 -5.180264E-03 -2.237915E-02 6.698941E-02
   872 8.000000E-04 -1.311824E-02 4.408155E-02 1.008182E-01
   873 8.000000E-04 2.438784E-02 -1.609250E-02 1.096274E-01
   874 8.000000E-04 -1.875252E-02 -1.313104E-02 8.819946E-02
   875 8.000000E-04 4.038440E-02 7.362057E-03 5.294910E-02
   876 8.000000E-04 2.437073E-03 -2.458147E-03 8.770804E-02
   877 8.000000E-04 -4.264949E-03 2.938720E-02 1.049146E-01
   878 8.000000E-04 -3.263842E-02 -2.307834E-02 1.083430E-01
   879 8.000000E-04 -3.225332E-02 -1.728096E-02 9.084243E-02
   880 8.000000E-04 -4.042521E-02 -1.577089E-02 1.043634E-01
   881 8.000000E-04 -1.760682E-02 3.599919E-03 3.050995E-02
   882 8.000000E-04 1.214402E-02 -4.234163E-02 7.978393E-02
   883 8.000000E-04 -1.731494E-02 3.891933E-04 3.258661E-02
   884 8.000000E-04 -1.671766E-02 1.960018E-03 3.628963E-02
   885 8.000000E-04 1.165792E-02 -4.303707E-02 7.270613E-02
   886 8.000000E-04 -1.676192E-02 2.114391E-03 4.716909E-02
   887 8.000000E-04 3.975910E-03 2.204582E-02 1.051184E-01
   888 8.000000E-04 -2.827758E-02 -4.180185E-02 9.804761E-02
   889 8.000000E-04 -3.917500E-03 5.411611E-02 6.249293E-02
   890 8.000000E-04 7.588578E-04 6.315151E-02 6.325011E-02
   891 8.000000E-04 4.651604E-03 2.805722E-02 4.941859E-02
   892 8.000000E-04 -3.269488E-03 6.204750E-02 6.361117E-02
   893 8.000000E-04 1.290087E-02 2.263340E-02 1.036773E-01
   894 8.000000E-04 -1.992686E-02 3.756708E-02 4.768905E-02
   895 8.000000E-04 -1.372607E-02 3.023711E-03 4.783873E-02
   896 8.000000E-04 3.463065E-03 6.189904E-02 5.437670E-02
   897 8.000000E-04 -4.275474E-03 5.482834E-02 5.737545E-02
   898 8.000000E-04 -1.099136E-02 5.494737E-02 5.549339E-02
   899 8.000000E-04 9.476253E-03 -5.798593E-02 4.196870E-02
   900 8.000000E-04 -1.058035E-02 6.035307E-02 2.732173E-02
   901 8.000000E-04 2.685146E-03 6.830984E-02 5.368953E-02
   902 8.000000E-04 4.007813E-02 8.582594E-04 6.026057E-02
   903 8.000000E-04 -1.788262E-02 5.963971E-03 2.356321E-02
   904 8.000000E-04 9.897674E-03 5.133925E-02 6.423480E-02
   905 8.000000E-04 -1.764294E-02 8.624707E-03 1.437222E-03
   906 8.000000E-04 1.118654E-02 5.369284E-02 5.509636E-02
   907 8.000000E-04 4.242519E-02 6.147398E-03 7.240571E-02
   908 8.000000E-04 3.903765E-03 -1.602305E-03 1.035822E-01
   909 8.000000E-04 1.005508E-02 5.831222E-02 5.371310E-02
   910 8.000000E-04 -1.189019E-02 5.329885E-02 8.002967E-02
   911 8.000000E-04 2.794796E-02 3.065317E-02 7.255061E-02
   912 8.000000E-04 -1.523967E-02 -1.671457E-02 9.619527E-02
   913 8.000000E-04 -1.262382E-02 6.262089E-02 7.176507E-02
   914 8.000000E-04 -1.251898E-02 -4.411242E-02 6.936473E-02
   915 8.000000E-04 1.146619E-02 -2.625177E-03 6.515919E-02
   916 8.000000E-04 -2.763720E-02 -3.063250E-03 9.583379E-02
   917 8.000000E-04 9.094683E-04 6.396921E-02 7.714167E-02
   918 8.000000E-04 -3.069076E-02 -3.567310E-02 1.115362E-01
   919 8.000000E-04 3.715107E-03 2.767026E-02 6.151703E-02
   920 8.000000E-04 -3.321462E-03 6.347289E-02 7.640262E-02
   921 8.000000E-04 1.201139E-02 2.202450E-02 8.776575E-02
   922 8.000000E-04 -1.520229E-02 3.098984E-03 3.064548E-02
   923 8.000000E-04 -1.192078E-02 5.380097E-02 7.046185E-02
   924 8.000000E-04 -1.392232E-02 -2.009123E-02 1.029838E-01
   925 8.000000E-04 -4.257528E-03 -1.865086E-03 7.898300E-02
   926 8.000000E-04 4.261863E-02 -2.723095E-02 6.274839E-02
   927 8.000000E-04 5.824509E-04 6.432220E-02 7.447720E-02
   928 8.000000E-04 3.654524E-03 5.615753E-03 8.881368E-02
   929 8.000000E-04 -3.452496E-03 7.017275E-02 7.693472E-02
   930 8.000000E-04 -1.159092E-02 4.569637E-02 8.765371E-02
   931 8.000000E-04 3.181764E-03 -2.705157E-02 6.737516E-02
   932 8.000000E-04 8.894877E-03 5.096989E-02 6.868647E-02
   933 8.000000E-04 -1.149412E-02 3.863140E-02 9.577294E-02
   934 8.000000E-04 1.192673E-02 -6.414237E-02 7.741125E-02
   935 8.000000E-04 -8.926585E-03 6.710867E-02 3.334659E-02
   936 8.000000E-04 2.836931E-03 -7.915709E-03 1.210190E-01
   937 8.000000E-04 -2.766327E-03 5.152589E-02 3.409962E-02
   938 8.000000E-04 -3.264563E-03 5.385256E-02 3.996190E-02
   939 8.000000E-04 -4.012056E-03 6.276983E-02 3.343327E-02
   940 8.000000E-04 2.888890E-02 2.253730E-02 8.765547E-02
   941 8.000000E-04 4.479322E-03 5.314736E-02 3.121919E-02
   942 8.000000E-04 1.115576E-02 -6.424445E-02 7.161356E-02
   943 8.000000E-04 -1.188476E-02 7.038439E-02 3.895462E-02
   944 8.000000E-04 2.830256E-02 2.266208E-02 6.439696E-02
   945 8.000000E-04 4.156621E-03 5.370570E-02 3.851039E-02
   946 8.000000E-04 4.241686E-03 -5.010839E-02 6.572683E-02
   947 8.000000E-04 -1.533971E-03 1.103750E-02 6.426877E-02
   948 8.000000E-04 -1.083919E-02 5.705252E-02 3.275876E-02
   949 8.000000E-04 -2.136650E-02 6.222855E-03 1.029543E-01
   950 8.000000E-04 -3.772987E-03 5.431258E-02 4.730533E-02
   951 8.000000E-04 2.774892E-02 2.203216E-02 7.041158E-02
   952 8.000000E-04 5.282816E-03 5.494492E-02 4.844821E-02
   953 8.000000E-04 4.035841E-02 -1.359920E-02 4.031755E-02
   954 8.000000E-04 -3.250737E-02 3.456871E-02 7.438566E-02
   955 8.000000E-04 -1.263199E-02 6.261423E-02 4.860472E-02
   956 8.000000E-04 -1.277403E-02 -4.429718E-02 6.290282E-02
   957 8.000000E-04 -2.708979E-02 -2.456864E-03 8.763841E-02
   958 8.000000E-04 4.089441E-03 6.132547E-02 4.796773E-02
   959 8.000000E-04 4.100061E-02 2.903851E-02 6.395658E-02
   960 8.000000E-04 5.915673E-03 8.795626E-03 5.354253E-02
   961 8.000000E-04 3.650003E-02 -1.724370E-02 4.227014E-02
   962 8.000000E-04 -4.568119E-03 6.935883E-02 4.733093E-02
   963 8.000000E-04 4.366463E-03 -4.262789E-03 1.215850E-01
   964 8.000000E-04 8.955757E-03 6.080914E-02 4.000900E-02
   965 8.000000E-04 8.928400E-03 5.084502E-02 3.066815E-02
   966 8.000000E-04 9.384090E-03 5.637889E-02 4.104542E-02
   967 8.000000E-04 9.344769E-03 5.393650E-02 4.835356E-02
   968 8.000000E-04 8.091692E-03 6.394031E-02 3.505271E-02
   969 8.000000E-04 5.300538E-03 -3.634598E-03 1.236248E-01
   970 8.000000E-04 8.865188E-03 5.908678E-02 4.919288E-02
   971 8.000000E-04 -1.157373E-02 7.488313E-02 4.584067E-02
   972 8.000000E-04 -7.865431E-03 7.429195E-02 4.708752E-02
   973 8.000000E-04 1.705542E-03 -4.580267E-02 3.493964E-02
   974 8.000000E-04 1.159935E-02 3.771658E-02 8.515991E-02
   975 8.000000E-04 -1.469468E-02 1.913886E-02 3.292645E-02
   976 8.000000E-04 8.175841E-03 6.688260E-02 3.935261E-02
   977 8.000000E-04 1.435554E-02 -2.590422E-02 5.723611E-02
   978 8.000000E-04 -1.253203E-02 -3.427649E-02 1.033733E-01
   979 8.000000E-04 2.561252E-02 -6.486427E-02 7.142960E-02
   980 8.000000E-04 -1.278185E-02 1.286023E-02 7.956740E-02
   981 8.000000E-04 -7.267112E-03 -5.561508E-02 1.042759E-01
   982 8.000000E-04 1.131254E-02 -2.562790E-02 6.698516E-02
   983 8.000000E-04 -1.166911E-02 -3.577317E-02 9.740020E-02
   984 8.000000E-04 1.218172E-02 -2.672135E-02 6.989432E-02
   985 8.000000E-04 -1.376109E-02 -3.598160E-02 8.735595E-02
   986 8.000000E-04 -3.342397E-03 -3.338368E-02 9.623317E-02
   987 8.000000E-04 -3.310123E-02 5.864017E-02 8.220744E-02
   988 8.000000E-04 -2.813471E-03 -1.802590E-02 8.601160E-02
   989 8.000000E-04 2.820209E-02 2.914501E-02 6.331365E-02
   990 8.000000E-04 -1.369969E-02 -1.807112E-02 8.779655E-02
   991 8.000000E-04 2.072132E-03 -1.972952E-02 8.894018E-02
   992 8.000000E-04 -8.372765E-03 -3.037290E-02 7.406316E-02
   993 8.000000E-04 1.190605E-02 -2.671415E-02 8.806777E-02
   994 8.000000E-04 -5.338371E-03 -2.532721E-02 9.521706E-02
   995 8.000000E-04 -2.000147E-03 -3.431243E-02 8.744446E-02
   996 8.000000E-04 -5.133360E-03 -2.678428E-02 1.036159E-01
   997 8.000000E-04 1.102675E-02 -2.158690E-02 5.895043E-02
   998 8.000000E-04 -1.508339E-02 -1.326430E-02 8.788537E-02
   999 8.000000E-04 -4.952474E-03 -2.023609E-02 9.726313E-02
  1000 8.000000E-04 -3.450871E-03 -3.380773E-02 1.046424E-01
  1001 8.000000E-04 4.993268E-03 -2.602295E-02 9.502405E-02
  1002 8.000000E-04 3.614718E-03 -2.757676E-02 1.050256E-01
  1003 8.000000E-04 5.616015E-03 -1.796472E-02 9.560984E-02
  1004 8.000000E-04 8.719258E-03 1.222899E-02 5.232469E-02
  1005 8.000000E-04 3.132408E-03 -9.991810E-03 1.019605E-01
  1006 8.000000E-04 -1.421675E-02 -1.046494E-02 9.746934E-02
  1007 8.000000E-04 -6.401356E-03 -6.436127E-02 9.343466E-02
  1008 8.000000E-04 1.219772E-02 -1.728663E-02 6.982393E-02
  1009 8.000000E-04 -1.303876E-02 -1.030385E-02 1.032114E-01
  1010 8.000000E-04 2.993339E-03 -1.884099E-02 1.060171E-01
  1011 8.000000E-04 2.060971E-02 5.107651E-02 5.404437E-02
  1012 8.000000E-04 1.174128E-02 -1.764151E-02 9.598400E-02
  1013 8.000000E-04 -1.282633E-02 1.393559E-02 1.040167E-01
  1014 8.000000E-04 -1.214957E-02 -9.822188E-03 5.527181E-02
  1015 8.000000E-04 1.174741E-02 -1.938049E-02 8.977039E-02
  1016 8.000000E-04 -1.353850E-02 -2.368501E-02 8.890710E-02
  1017 8.000000E-04 1.218247E-02 -3.469200E-02 8.772538E-02
  1018 8.000000E-04 -4.235352E-03 3.968766E-02 3.489150E-02
  1019 8.000000E-04 6.838920E-03 -2.728496E-02 8.851484E-02
  1020 8.000000E-04 -1.902002E-02 2.874355E-02 7.966415E-02
  1021 8.000000E-04 1.138234E-02 -3.553200E-02 9.260527E-02
  1022 8.000000E-04 -2.040071E-02 3.095124E-02 7.243353E-02
  1023 8.000000E-04 1.179250E-02 -3.515921E-02 1.033660E-01
  1024 8.000000E-04 -2.831931E-02 2.192831E-02 9.530051E-02
  1025 8.000000E-04 -2.855493E-02 1.978908E-02 1.026565E-01
  1026 8.000000E-04 -2.163630E-02 -7.227128E-04 6.338124E-02
  1027 8.000000E-04 -2.829749E-02 2.961406E-02 9.667144E-02
  1028 8.000000E-04 1.738976E-02 5.418343E-04 5.224983E-02
  1029 8.000000E-04 -3.683146E-02 -1.186488E-03 1.049539E-01
  1030 8.000000E-04 1.393143E-02 -3.362342E-02 1.106283E-01
  1031 8.000000E-04 -1.992069E-02 3.050276E-02 9.686909E-02
  1032 8.000000E-04 -4.321166E-03 -4.237798E-02 1.109918E-01
  1033 8.000000E-04 -1.969625E-02 3.064066E-02 1.015546E-01
  1034 8.000000E-04 2.004672E-02 -6.421032E-02 7.034966E-02
  1035 8.000000E-04 -4.221554E-03 1.461060E-02 8.780978E-02
  1036 8.000000E-04 -1.879374E-02 4.684725E-02 8.788257E-02
  1037 8.000000E-04 -3.317403E-02 3.785707E-02 8.770988E-02
  1038 8.000000E-04 -2.027988E-02 4.555642E-02 9.554215E-02
  1039 8.000000E-04 -1.490943E-02 6.373198E-02 7.573482E-02
  1040 8.000000E-04 -3.676316E-02 3.527845E-02 1.010331E-01
  1041 8.000000E-04 -3.219107E-02 1.776371E-02 1.076798E-01
  1042 8.000000E-04 -2.866626E-02 3.704957E-02 9.561679E-02
  1043 8.000000E-04 -1.954773E-02 -4.232907E-02 8.695741E-02
  1044 8.000000E-04 -3.447469E-02 3.699385E-02 9.482518E-02
  1045 8.000000E-04 -9.569700E-03 3.111692E-03 1.158220E-01
  1046 8.000000E-04 -1.991864E-02 3.576889E-02 1.007351E-01
  1047 8.000000E-04 -2.742861E-02 4.568159E-02 9.546990E-02
  1048 8.000000E-04 1.936035E-02 4.414321E-02 6.226342E-02
  1049 8.000000E-04 -2.005054E-02 3.842712E-02 9.617575E-02
  1050 8.000000E-04 -3.442904E-02 1.885546E-02 1.013534E-01
  1051 8.000000E-04 -2.716726E-02 3.790607E-02 1.008717E-01
  1052 8.000000E-04 -1.889865E-02 -4.175663E-02 9.645664E-02
  1053 8.000000E-04 -3.268007E-02 4.344435E-02 9.346265E-02
  1054 8.000000E-04 -1.246029E-02 4.682969E-02 6.361269E-02
  1055 8.000000E-04 -4.197187E-03 -2.595269E-02 8.914605E-02
  1056 8.000000E-04 -2.037579E-02 4.641723E-02 1.003469E-01
  1057 8.000000E-04 -3.607171E-02 3.103365E-02 1.007843E-01
  1058 8.000000E-04 -2.653239E-02 4.284669E-02 1.008041E-01
  1059 8.000000E-04 3.239561E-02 -2.051859E-04 9.706146E-02
  1060 8.000000E-04 2.048521E-02 -6.464408E-02 4.800350E-02
  1061 8.000000E-04 -1.180861E-02 -5.082139E-02 9.495404E-02
  1062 8.000000E-04 5.586989E-03 4.795874E-02 5.557349E-02
  1063 8.000000E-04 2.152248E-02 -5.783980E-02 5.674738E-02
  1064 8.000000E-04 2.731112E-02 -1.511128E-03 7.895419E-02
  1065 8.000000E-04 3.751782E-03 4.622539E-02 7.967900E-02
  1066 8.000000E-04 -1.242763E-02 -5.125262E-02 8.828437E-02
  1067 8.000000E-04 2.223143E-02 -5.999690E-02 4.860488E-02
  1068 8.000000E-04 3.249932E-02 -5.966115E-02 4.825354E-02
  1069 8.000000E-04 2.260995E-02 -2.498330E-02 4.818123E-02
  1070 8.000000E-04 -1.220825E-02 -5.024896E-02 6.484258E-02
  1071 8.000000E-04 4.245208E-03 -4.081015E-02 6.169770E-02
  1072 8.000000E-04 -7.413354E-04 -3.804882E-02 5.998533E-02
  1073 8.000000E-04 -9.903841E-03 -9.372643E-03 1.248410E-01
  1074 8.000000E-04 -6.186433E-03 -4.941939E-02 6.426018E-02
  1075 8.000000E-04 1.871392E-02 2.189399E-02 8.757148E-02
  1076 8.000000E-04 -1.240026E-03 -4.091299E-02 6.226659E-02
  1077 8.000000E-04 1.196173E-02 1.413026E-02 8.825059E-02
  1078 8.000000E-04 4.536448E-03 -5.075466E-02 7.305418E-02
  1079 8.000000E-04 -2.479978E-02 -6.409555E-02 8.610828E-02
  1080 8.000000E-04 -1.242540E-02 -4.926951E-02 7.010137E-02
  1081 8.000000E-04 -3.017511E-03 -4.996350E-02 8.010253E-02
  1082 8.000000E-04 3.267748E-02 -4.417639E-02 4.757456E-02
  1083 8.000000E-04 3.680593E-03 -9.133029E-04 4.943418E-02
  1084 8.000000E-04 -3.685849E-03 -4.331661E-02 7.256947E-02
  1085 8.000000E-04 2.785084E-02 -3.205803E-03 7.036159E-02
  1086 8.000000E-04 -1.864016E-02 7.427004E-02 4.118334E-02
  1087 8.000000E-04 4.999652E-03 4.651758E-02 7.176412E-02
  1088 8.000000E-04 2.248056E-02 -6.094022E-02 4.207036E-02
  1089 8.000000E-04 -1.119330E-02 -5.290302E-02 8.137478E-02
  1090 8.000000E-04 -1.189928E-02 -4.350181E-02 8.315285E-02
  1091 8.000000E-04 -5.919348E-03 2.258134E-02 8.589252E-02
  1092 8.000000E-04 -1.061776E-02 2.349356E-02 8.516918E-02
  1093 8.000000E-04 -2.650843E-02 -6.422644E-02 7.502459E-02
  1094 8.000000E-04 -1.111623E-02 2.848475E-02 8.611947E-02
  1095 8.000000E-04 -4.368876E-03 7.917065E-03 7.953526E-02
  1096 8.000000E-04 4.280355E-02 -3.128990E-02 6.173680E-02
  1097 8.000000E-04 4.430616E-03 2.188194E-02 8.691218E-02
  1098 8.000000E-04 -1.127964E-02 3.854654E-02 8.781665E-02
  1099 8.000000E-04 -1.381040E-02 2.097454E-02 9.630118E-02
  1100 8.000000E-04 1.874167E-02 -3.569330E-03 1.110428E-01
  1101 8.000000E-04 8.167538E-03 3.954701E-02 3.495655E-02
  1102 8.000000E-04 -5.843153E-03 2.396371E-02 9.712497E-02
  1103 8.000000E-04 5.194175E-03 2.121883E-02 9.646905E-02
  1104 8.000000E-04 2.678326E-02 -5.106566E-02 5.389634E-02
  1105 8.000000E-04 -4.322253E-03 2.962399E-02 9.620810E-02
  1106 8.000000E-04 -1.239586E-02 2.148534E-02 1.044282E-01
  1107 8.000000E-04 2.790572E-02 -4.812321E-02 6.074172E-02
  1108 8.000000E-04 -5.101917E-03 2.919151E-02 8.563783E-02
  1109 8.000000E-04 -4.161200E-03 6.249208E-02 5.602464E-02
  1110 8.000000E-04 4.766058E-03 3.030183E-02 8.855701E-02
  1111 8.000000E-04 -2.511955E-02 -6.364077E-02 6.086922E-02
  1112 8.000000E-04 -1.324096E-02 3.018385E-02 9.666446E-02
  1113 8.000000E-04 2.466542E-03 -5.577733E-02 3.964091E-02
  1114 8.000000E-04 1.310454E-02 2.224457E-02 9.533918E-02
  1115 8.000000E-04 -1.580176E-02 1.873902E-03 3.612205E-02
  1116 8.000000E-04 3.970771E-03 -3.351217E-02 7.042741E-02
  1117 8.000000E-04 1.150917E-02 2.822553E-02 1.034267E-01
  1118 8.000000E-04 -1.826006E-02 6.303345E-02 7.333611E-02
  1119 8.000000E-04 -1.524774E-02 5.824309E-04 3.299303E-02
  1120 8.000000E-04 5.133928E-03 3.031181E-02 1.043317E-01
  1121 8.000000E-04 -3.752431E-03 6.209209E-02 4.825839E-02
  1122 8.000000E-04 5.216734E-03 3.120152E-02 9.544533E-02
  1123 8.000000E-04 2.736089E-02 -3.379256E-02 5.591227E-02
  1124 8.000000E-04 -4.548446E-03 4.500748E-02 8.500050E-02
  1125 8.000000E-04 -4.557714E-03 3.938706E-02 8.826391E-02
  1126 8.000000E-04 -3.625964E-03 -2.289970E-02 1.178570E-01
  1127 8.000000E-04 -1.245441E-02 4.427943E-02 9.540742E-02
  1128 8.000000E-04 -4.389190E-03 3.883036E-02 9.532095E-02
  1129 8.000000E-04 2.102239E-02 -4.846303E-02 5.013802E-02
  1130 8.000000E-04 2.759119E-02 6.014483E-03 6.333178E-02
  1131 8.000000E-04 4.587100E-03 3.870835E-02 9.562674E-02
  1132 8.000000E-04 4.231263E-03 3.875692E-02 1.004316E-01
  1133 8.000000E-04 -2.843821E-02 -2.667576E-02 1.024589E-01
  1134 8.000000E-04 -3.576960E-03 3.861067E-02 1.009521E-01
  1135 8.000000E-04 2.816951E-02 -3.342702E-02 4.931931E-02
  1136 8.000000E-04 -6.497204E-03 4.256433E-02 9.458669E-02
  1137 8.000000E-04 1.911495E-02 -2.756382E-02 8.076200E-02
  1138 8.000000E-04 5.914615E-03 1.321632E-02 1.188124E-01
  1139 8.000000E-04 -4.048070E-03 4.195446E-02 1.012004E-01
  1140 8.000000E-04 1.237259E-02 6.722508E-03 9.535463E-02
  1141 8.000000E-04 8.707020E-03 3.688729E-02 9.987146E-02
  1142 8.000000E-04 -9.338300E-03 1.900759E-02 4.426362E-02
  1143 8.000000E-04 -1.931396E-02 -5.728152E-02 8.626172E-02
  1144 8.000000E-04 -2.062833E-02 -6.385525E-02 8.716153E-02
  1145 8.000000E-04 -1.198634E-02 1.357481E-02 3.949464E-02
  1146 8.000000E-04 -1.706556E-02 -5.723293E-02 9.318865E-02
  1147 8.000000E-04 -1.683085E-02 -6.308022E-02 9.245646E-02
  1148 8.000000E-04 -1.329190E-02 1.414252E-02 3.137161E-02
  1149 8.000000E-04 -2.001733E-02 1.291918E-02 8.773461E-02
  1150 8.000000E-04 3.711981E-02 5.624284E-03 5.370751E-02
  1151 8.000000E-04 -2.852382E-02 5.536285E-03 9.809769E-02
  1152 8.000000E-04 4.840469E-02 1.612469E-02 8.750519E-02
  1153 8.000000E-04 -5.323283E-03 2.087159E-02 4.609062E-02
  1154 8.000000E-04 -3.711597E-02 6.125672E-03 1.056629E-01
  1155 8.000000E-04 3.473083E-02 7.009443E-04 6.888111E-02
  1156 8.000000E-04 -4.182523E-02 -3.124785E-03 1.057536E-01
  1157 8.000000E-04 1.216086E-02 3.013510E-02 8.763553E-02
  1158 8.000000E-04 -4.107351E-02 6.181587E-03 1.055894E-01
  1159 8.000000E-04 4.262081E-03 1.462026E-02 5.011333E-02
  1160 8.000000E-04 3.409952E-02 -2.571094E-02 4.629520E-02
  1161 8.000000E-04 -4.878210E-03 4.761811E-02 4.566871E-02
  1162 8.000000E-04 -2.938890E-02 1.425589E-02 1.042720E-01
  1163 8.000000E-04 -1.984244E-02 1.456204E-02 9.429097E-02
  1164 8.000000E-04 -4.093511E-02 -8.812274E-03 1.108615E-01
  1165 8.000000E-04 3.706118E-02 6.735113E-03 5.067697E-02
  1166 8.000000E-04 -3.421770E-02 1.609687E-02 9.915863E-02
  1167 8.000000E-04 -3.402573E-02 7.437040E-03 9.836857E-02
  1168 8.000000E-04 -2.054702E-02 1.410199E-02 1.064063E-01
  1169 8.000000E-04 6.196967E-03 -5.890093E-02 5.130200E-02
  1170 8.000000E-04 -4.083448E-02 1.147429E-02 1.057232E-01
  1171 8.000000E-04 2.199538E-02 -2.078419E-02 4.963534E-02
  1172 8.000000E-04 4.062083E-03 -5.902002E-02 5.643514E-02
  1173 8.000000E-04 1.112560E-02 2.275574E-02 8.116748E-02
  1174 8.000000E-04 -4.042382E-02 9.935929E-03 1.078798E-01
  1175 8.000000E-04 -2.442111E-02 7.081895E-02 6.091611E-02
  1176 8.000000E-04 2.028919E-02 -1.997285E-02 5.566233E-02
  1177 8.000000E-04 -3.497807E-02 1.153615E-02 1.085043E-01
  1178 8.000000E-04 -6.511613E-03 -2.350113E-03 4.251089E-02
  1179 8.000000E-04 -3.836593E-03 -1.814010E-02 7.934447E-02
  1180 8.000000E-04 -3.287801E-02 5.906715E-02 8.837668E-02
  1181 8.000000E-04 -1.336151E-02 -1.801509E-03 4.688511E-02
  1182 8.000000E-04 -3.731264E-03 -3.394163E-03 4.781019E-02
  1183 8.000000E-04 -6.460887E-03 1.230651E-02 4.156115E-02
  1184 8.000000E-04 -4.353686E-03 1.238674E-02 4.756134E-02
  1185 8.000000E-04 -7.101097E-03 2.019287E-02 4.347905E-02
  1186 8.000000E-04 -3.846659E-03 2.359110E-03 4.976385E-02
  1187 8.000000E-04 3.254251E-02 5.207086E-03 9.366763E-02
  1188 8.000000E-04 4.669758E-03 4.746522E-02 4.760592E-02
  1189 8.000000E-04 3.169384E-02 9.754019E-04 5.134486E-02
  1190 8.000000E-04 4.094455E-02 2.909081E-02 5.780186E-02
  1191 8.000000E-04 -3.969774E-03 6.786057E-02 5.405273E-02
  1192 8.000000E-04 3.443220E-03 3.925154E-03 4.935922E-02
  1193 8.000000E-04 2.555667E-02 -2.068094E-02 5.720855E-02
  1194 8.000000E-04 -3.105264E-03 1.415401E-03 5.176986E-02
  1195 8.000000E-04 1.270531E-02 4.346996E-03 4.771088E-02
  1196 8.000000E-04 -2.429137E-02 -4.916908E-02 8.826510E-02
  1197 8.000000E-04 9.073395E-03 1.420295E-02 5.082137E-02
  1198 8.000000E-04 2.352884E-02 -2.196040E-02 4.334405E-02
  1199 8.000000E-04 4.469346E-02 1.312916E-02 8.029922E-02
  1200 8.000000E-04 1.030574E-02 7.695045E-03 5.269099E-02
  1201 8.000000E-04 -3.021846E-02 5.905047E-02 8.739476E-02
  1202 8.000000E-04 -2.858662E-02 5.419768E-02 8.676257E-02
  1203 8.000000E-04 -3.350463E-02 5.511397E-02 8.742415E-02
  1204 8.000000E-04 -1.236718E-02 -3.602433E-03 1.128386E-01
  1205 8.000000E-04 -2.373551E-02 5.788253E-02 8.676813E-02
  1206 8.000000E-04 -2.433227E-02 -1.413598E-03 5.910346E-02
  1207 8.000000E-04 1.352538E-03 -6.434532E-02 8.668135E-02
  1208 8.000000E-04 -1.467261E-02 1.262826E-02 6.330420E-02
  1209 8.000000E-04 -3.912554E-03 -5.817917E-02 8.654291E-02
  1210 8.000000E-04 3.743808E-03 -5.802240E-02 8.639513E-02
  1211 8.000000E-04 -1.165142E-02 1.295221E-02 7.442447E-02
  1212 8.000000E-04 -6.863247E-03 -5.687713E-02 9.282247E-02
  1213 8.000000E-04 2.774768E-02 -4.268505E-02 5.627591E-02
  1214 8.000000E-04 -2.719467E-02 5.290575E-02 7.130943E-02
  1215 8.000000E-04 -6.108034E-03 5.225734E-02 8.405195E-02
  1216 8.000000E-04 1.922125E-02 -3.335808E-02 5.498247E-02
  1217 8.000000E-04 1.947180E-02 -2.604952E-02 5.561453E-02
  1218 8.000000E-04 2.213358E-02 -3.287444E-02 4.871045E-02
  1219 8.000000E-04 -2.426658E-02 5.994771E-03 6.541630E-02
  1220 8.000000E-04 2.727082E-02 -2.554120E-02 4.294416E-02
  1221 8.000000E-04 2.366051E-02 -2.444290E-02 4.328989E-02
  1222 8.000000E-04 3.211051E-02 3.187351E-04 9.992813E-02
  1223 8.000000E-04 3.145027E-02 -1.196319E-02 4.256773E-02
  1224 8.000000E-04 2.888677E-02 -1.262458E-02 4.589926E-02
  1225 8.000000E-04 4.078458E-02 -3.166823E-02 5.625385E-02
  1226 8.000000E-04 -2.991931E-03 6.953231E-03 8.773484E-02
  1227 8.000000E-04 4.050513E-02 -2.681978E-02 5.771928E-02
  1228 8.000000E-04 -4.596037E-03 -3.945018E-03 8.680858E-02
  1229 8.000000E-04 4.467736E-03 -6.419005E-02 7.250484E-02
  1230 8.000000E-04 1.121850E-02 -1.092643E-03 8.985987E-02
  1231 8.000000E-04 1.081352E-02 5.401581E-03 8.692296E-02
  1232 8.000000E-04 -4.315228E-03 -5.124743E-03 9.546045E-02
  1233 8.000000E-04 -1.370046E-02 1.257710E-03 9.668223E-02
  1234 8.000000E-04 1.995242E-02 -1.057582E-02 1.106951E-01
  1235 8.000000E-04 -1.241276E-02 -1.482198E-03 1.030979E-01
  1236 8.000000E-04 -1.882987E-02 6.329424E-02 4.818241E-02
  1237 8.000000E-04 -1.065584E-02 1.296940E-03 8.568992E-02
  1238 8.000000E-04 -3.570115E-03 -4.153679E-03 1.031390E-01
  1239 8.000000E-04 -3.828631E-03 6.648475E-03 9.597093E-02
  1240 8.000000E-04 -2.135252E-03 5.316444E-03 1.049714E-01
  1241 8.000000E-04 1.311984E-02 6.521385E-03 1.038860E-01
  1242 8.000000E-04 1.222761E-02 -3.052583E-03 9.492184E-02
  1243 8.000000E-04 4.175923E-03 -6.483867E-02 5.821955E-02
  1244 8.000000E-04 1.103537E-02 -2.611237E-03 1.036211E-01
  1245 8.000000E-04 -7.447764E-03 -5.550950E-02 1.084798E-01
  1246 8.000000E-04 -1.224895E-02 1.380172E-02 8.834694E-02
  1247 8.000000E-04 3.475292E-02 -2.416315E-02 9.036613E-02
  1248 8.000000E-04 4.325312E-02 2.170397E-02 6.715250E-02
  1249 8.000000E-04 2.728224E-03 1.328029E-02 8.799273E-02
  1250 8.000000E-04 -1.312251E-02 1.226212E-02 9.750838E-02
  1251 8.000000E-04 1.264235E-02 4.635158E-02 4.846536E-02
  1252 8.000000E-04 -2.891315E-02 -1.883047E-02 1.026599E-01
  1253 8.000000E-04 -2.634408E-03 1.232247E-02 9.605776E-02
  1254 8.000000E-04 9.456107E-03 4.456628E-02 3.728561E-02
  1255 8.000000E-04 -2.425007E-02 -1.503170E-02 7.939676E-02
  1256 8.000000E-04 -4.533734E-03 1.366447E-02 1.043259E-01
  1257 8.000000E-04 1.144875E-02 2.331617E-02 5.648230E-02
  1258 8.000000E-04 -2.423731E-02 -5.866558E-02 8.454845E-02
  1259 8.000000E-04 -2.021838E-02 -5.041298E-02 8.684251E-02
  1260 8.000000E-04 4.617355E-03 2.255291E-02 1.101863E-01
  1261 8.000000E-04 -2.585304E-02 -3.996828E-02 8.691473E-02
  1262 8.000000E-04 -1.805770E-02 -5.048682E-02 9.686354E-02
  1263 8.000000E-04 -2.080952E-02 -4.953576E-02 1.017191E-01
  1264 8.000000E-04 -1.870952E-02 -4.244612E-02 1.007748E-01
  1265 8.000000E-04 1.047635E-02 -3.881090E-02 1.022193E-01
  1266 8.000000E-04 -3.217975E-02 -4.910462E-02 1.025689E-01
  1267 8.000000E-04 -3.215707E-02 -5.002520E-02 9.945946E-02
  1268 8.000000E-04 -2.628475E-02 -4.783462E-02 1.080790E-01
  1269 8.000000E-04 2.666876E-02 -9.901916E-03 1.102313E-01
  1270 8.000000E-04 4.551283E-03 5.420991E-02 5.493355E-02
  1271 8.000000E-04 2.181298E-02 -3.576620E-02 6.427231E-02
  1272 8.000000E-04 4.649637E-03 5.308922E-02 6.961207E-02
  1273 8.000000E-04 1.913229E-02 -3.471404E-02 8.040307E-02
  1274 8.000000E-04 -1.117092E-02 -5.753871E-02 9.264804E-02
  1275 8.000000E-04 2.066467E-02 -1.817851E-02 6.521537E-02
  1276 8.000000E-04 4.269880E-03 1.263067E-02 6.227595E-02
  1277 8.000000E-04 3.667769E-02 -2.646171E-02 6.242506E-02
  1278 8.000000E-04 1.727898E-02 -5.011901E-04 4.898167E-02
  1279 8.000000E-04 5.328033E-03 2.701402E-03 8.172290E-02
  1280 8.000000E-04 3.568586E-02 -2.022539E-02 6.318803E-02
  1281 8.000000E-04 -1.039319E-02 -5.659156E-02 1.047366E-01
  1282 8.000000E-04 1.922091E-02 -1.889345E-02 7.061900E-02
  1283 8.000000E-04 -9.697765E-03 -1.472790E-02 1.241781E-01
  1284 8.000000E-04 2.056621E-02 -2.561586E-02 7.141536E-02
  1285 8.000000E-04 2.854342E-02 3.415990E-02 6.038384E-02
  1286 8.000000E-04 -1.241760E-02 -5.886929E-02 8.038981E-02
  1287 8.000000E-04 -2.734167E-02 6.930965E-02 4.095151E-02
  1288 8.000000E-04 2.045760E-02 -1.719063E-02 7.758813E-02
  1289 8.000000E-04 -1.151472E-02 -1.688645E-02 1.177350E-01
  1290 8.000000E-04 2.214716E-02 -2.642625E-02 6.616811E-02
  1291 8.000000E-04 2.066215E-02 -6.408409E-02 6.320892E-02
  1292 8.000000E-04 3.031442E-02 -9.881724E-03 7.914230E-02
  1293 8.000000E-04 1.236315E-02 -2.714675E-02 1.047648E-01
  1294 8.000000E-04 2.124901E-02 3.135584E-02 5.759701E-02
  1295 8.000000E-04 2.058960E-02 -6.392781E-02 5.515331E-02
  1296 8.000000E-04 2.818870E-02 -7.042312E-03 6.825259E-02
  1297 8.000000E-04 1.184969E-02 -2.688944E-02 9.395969E-02
  1298 8.000000E-04 1.638467E-02 3.326549E-02 4.965616E-02
  1299 8.000000E-04 -2.049629E-02 3.024477E-02 8.723982E-02
  1300 8.000000E-04 1.562754E-02 -3.406256E-02 1.158278E-01
  1301 8.000000E-04 2.213213E-02 2.223913E-02 5.785552E-02
  1302 8.000000E-04 3.890382E-03 5.399581E-02 6.388553E-02
  1303 8.000000E-04 2.016294E-02 -3.422276E-02 7.139553E-02
  1304 8.000000E-04 2.933330E-02 2.163973E-02 5.623433E-02
  1305 8.000000E-04 1.976379E-02 3.741426E-02 5.578030E-02
  1306 8.000000E-04 1.824767E-02 3.832401E-02 4.763606E-02
  1307 8.000000E-04 3.954116E-03 4.611457E-02 8.493823E-02
  1308 8.000000E-04 3.088019E-02 2.299181E-04 5.679808E-02
  1309 8.000000E-04 -3.654604E-02 -1.755098E-02 1.052049E-01
  1310 8.000000E-04 1.868632E-02 4.479112E-02 4.860431E-02
  1311 8.000000E-04 -3.227398E-02 -1.798923E-02 9.222703E-02
  1312 8.000000E-04 2.021512E-02 4.609118E-02 5.551793E-02
  1313 8.000000E-04 -2.524401E-02 6.773579E-02 4.737375E-02
  1314 8.000000E-04 2.636811E-02 3.786300E-02 5.575737E-02
  1315 8.000000E-04 2.643778E-02 4.626099E-02 5.520329E-02
  1316 8.000000E-04 2.612904E-02 4.795436E-02 5.136499E-02
  1317 8.000000E-04 1.731886E-02 3.366529E-03 5.064210E-02
  1318 8.000000E-04 1.615304E-02 -5.353120E-02 4.000405E-02
  1319 8.000000E-04 4.671920E-03 3.747890E-02 8.770438E-02
  1320 8.000000E-04 2.895641E-02 6.104246E-03 5.598493E-02
  1321 8.000000E-04 3.569112E-02 2.074249E-02 9.575768E-02
  1322 8.000000E-04 1.790889E-02 -4.094169E-02 7.965583E-02
  1323 8.000000E-04 2.904972E-02 1.373339E-02 5.601855E-02
  1324 8.000000E-04 2.028289E-02 -5.960864E-02 6.961441E-02
  1325 8.000000E-04 -1.154109E-02 -4.954551E-02 1.016907E-01
  1326 8.000000E-04 4.405997E-03 4.593865E-02 6.343245E-02
  1327 8.000000E-04 2.014414E-02 -5.722514E-02 6.397358E-02
  1328 8.000000E-04 1.633087E-02 -6.207484E-02 7.764183E-02
  1329 8.000000E-04 1.887972E-02 5.073334E-02 5.098916E-02
  1330 8.000000E-04 1.266646E-02 -4.159167E-02 4.914438E-02
  1331 8.000000E-04 1.848472E-02 5.210675E-03 1.117399E-01
  1332 8.000000E-04 1.730460E-02 5.066482E-03 1.160604E-01
  1333 8.000000E-04 2.497313E-02 4.379475E-03 1.087475E-01
  1334 8.000000E-04 2.940846E-02 1.477840E-02 1.103483E-01
  1335 8.000000E-04 1.895128E-02 -5.091623E-02 6.217567E-02
  1336 8.000000E-04 3.039483E-02 7.589684E-03 5.106871E-02
  1337 8.000000E-04 3.267652E-02 1.449618E-02 1.102597E-01
  1338 8.000000E-04 -4.634328E-03 -4.353202E-02 8.776770E-02
  1339 8.000000E-04 -4.214848E-03 -5.070987E-02 8.740525E-02
  1340 8.000000E-04 -2.691432E-02 1.827033E-02 1.085101E-01
  1341 8.000000E-04 -1.298296E-02 -4.204091E-02 8.806985E-02
  1342 8.000000E-04 5.061587E-03 -4.238287E-02 8.715497E-02
