  1008 -4.143411E-02 4.630925E-02 0.000000E+00 1.239713E-01
     1 8.000000E-04 -3.113280E-02 3.847599E-02 5.819490E-02
     2 8.000000E-04 2.593710E-02 -7.770615E-03 1.123448E-01
     3 8.000000E-04 3.453710E-02 -2.319892E-02 1.032965E-01
     4 8.000000E-04 3.319710E-02 -4.430722E-02 6.050491E-02
     5 8.000000E-04 4.162410E-02 1.981169E-02 1.012935E-01
     6 8.000000E-04 -2.613780E-02 2.785349E-02 5.126990E-02
     7 8.000000E-04 -2.189280E-02 4.905430E-02 4.388490E-02
     8 8.000000E-04 2.991083E-02 2.849435E-02 8.616703E-02
     9 8.000000E-04 4.194877E-02 1.797019E-02 1.037369E-01
    10 8.000000E-04 4.153210E-02 1.950769E-02 1.033615E-01
    11 8.000000E-04 4.207019E-02 1.735704E-02 1.019022E-01
    12 8.000000E-04 1.930727E-02 3.309122E-02 7.105616E-02
    13 8.000000E-04 3.723515E-02 2.975099E-02 6.132070E-02
    14 8.000000E-04 1.961768E-02 3.143801E-02 6.175177E-02
    15 8.000000E-04 3.053344E-02 1.915969E-02 1.071605E-01
    16 8.000000E-04 3.276610E-02 6.751369E-03 9.854351E-02
    17 8.000000E-04 3.437340E-02 2.220889E-02 9.119966E-02
    18 8.000000E-04 2.797661E-02 1.329436E-02 9.102326E-02
    19 8.000000E-04 3.068162E-02 1.960030E-02 9.962511E-02
    20 8.000000E-04 3.648957E-02 1.491402E-02 8.916780E-02
    21 8.000000E-04 2.902886E-02 1.584309E-02 9.897699E-02
    22 8.000000E-04 2.792400E-02 6.371139E-03 9.853531E-02
    23 8.000000E-04 3.584142E-02 6.266329E-03 8.821001E-02
    24 8.000000E-04 1.797137E-02 1.439038E-02 9.867014E-02
    25 8.000000E-04 1.989231E-02 1.480860E-02 8.977282E-02
    26 8.000000E-04 2.014677E-02 5.610779E-03 9.004389E-02
    27 8.000000E-04 1.753964E-02 6.249529E-03 1.006656E-01
    28 8.000000E-04 2.433334E-02 -5.956887E-02 6.908734E-02
    29 8.000000E-04 1.681495E-02 -4.428558E-02 8.151400E-02
    30 8.000000E-04 1.496233E-02 -6.080278E-02 7.823437E-02
    31 8.000000E-04 1.978952E-02 -5.897983E-02 6.958418E-02
    32 8.000000E-04 2.873153E-02 -4.116231E-02 6.171930E-02
    33 8.000000E-04 2.782763E-02 -4.599238E-02 6.055614E-02
    34 8.000000E-04 2.754569E-02 -5.881733E-02 6.096607E-02
    35 8.000000E-04 1.759493E-02 1.201692E-02 1.059802E-01
    36 8.000000E-04 2.703137E-02 -4.787225E-03 1.070886E-01
    37 8.000000E-04 2.990800E-02 -1.611586E-02 9.583954E-02
    38 8.000000E-04 2.379167E-02 -3.189847E-02 8.184653E-02
    39 8.000000E-04 2.858519E-02 -1.375892E-02 8.879185E-02
    40 8.000000E-04 2.817334E-02 -2.115959E-02 9.063528E-02
    41 8.000000E-04 2.945496E-02 -2.928547E-02 9.624753E-02
    42 8.000000E-04 2.659566E-02 -2.764536E-02 9.184431E-02
    43 8.000000E-04 2.964015E-02 -2.146875E-02 9.739166E-02
    44 8.000000E-04 1.527189E-02 -1.457491E-02 9.650151E-02
    45 8.000000E-04 1.750238E-02 -1.539832E-02 8.866052E-02
    46 8.000000E-04 1.828353E-02 -2.183623E-02 9.585882E-02
    47 8.000000E-04 1.786689E-02 -3.082137E-02 1.005806E-01
    48 8.000000E-04 1.771263E-02 -2.959146E-02 8.719315E-02
    49 8.000000E-04 1.852765E-02 -2.137046E-02 9.160993E-02
    50 8.000000E-04 2.840020E-02 -4.727344E-02 4.760355E-02
    51 8.000000E-04 2.856989E-02 -4.204053E-02 4.745119E-02
    52 8.000000E-04 2.728916E-02 -3.992129E-02 5.228018E-02
    53 8.000000E-04 2.692383E-02 -4.936397E-02 5.263175E-02
    54 8.000000E-04 2.770641E-02 -5.705303E-02 5.345704E-02
    55 8.000000E-04 2.981082E-02 -5.895989E-02 4.792448E-02
    56 8.000000E-04 1.853403E-02 -4.107783E-02 5.486649E-02
    57 8.000000E-04 2.127430E-02 -5.643190E-02 5.583877E-02
    58 8.000000E-04 1.945366E-02 -5.817286E-02 4.738968E-02
    59 8.000000E-04 3.750630E-02 1.540456E-02 7.979837E-02
    60 8.000000E-04 2.760224E-02 1.409434E-02 8.132531E-02
    61 8.000000E-04 3.750904E-02 1.542619E-02 7.169502E-02
    62 8.000000E-04 3.704121E-02 2.333066E-02 7.100680E-02
    63 8.000000E-04 2.670103E-02 4.824594E-02 5.857983E-02
    64 8.000000E-04 3.757586E-02 5.632893E-03 7.266460E-02
    65 8.000000E-04 3.560045E-02 5.650071E-03 7.885463E-02
    66 8.000000E-04 1.943401E-02 1.411026E-02 8.052384E-02
    67 8.000000E-04 1.839928E-02 1.572596E-02 7.064830E-02
    68 8.000000E-04 2.080965E-02 5.737717E-03 8.122677E-02
    69 8.000000E-04 1.920468E-02 6.304198E-03 7.158329E-02
    70 8.000000E-04 3.383742E-02 1.447913E-02 6.000650E-02
    71 8.000000E-04 2.762374E-02 6.103673E-03 6.244892E-02
    72 8.000000E-04 2.243472E-02 1.873269E-02 5.753803E-02
    73 8.000000E-04 2.055969E-02 1.493105E-02 6.420189E-02
    74 8.000000E-04 1.981157E-02 5.868681E-03 6.588674E-02
    75 8.000000E-04 9.591115E-03 -3.739474E-02 1.020330E-01
    76 8.000000E-04 -9.030813E-03 -3.946083E-02 1.000489E-01
    77 8.000000E-04 -8.499668E-03 -4.793167E-02 9.917202E-02
    78 8.000000E-04 6.735756E-03 -5.626389E-02 8.700015E-02
    79 8.000000E-04 -1.314400E-02 -5.416608E-02 1.046722E-01
    80 8.000000E-04 -2.855372E-03 -5.399468E-02 9.482890E-02
    81 8.000000E-04 1.463671E-04 -5.838393E-02 8.699513E-02
    82 8.000000E-04 -8.177016E-03 -5.737114E-02 9.002948E-02
    83 8.000000E-04 3.280914E-02 1.376991E-02 1.125239E-01
    84 8.000000E-04 3.011451E-02 1.467515E-02 1.131813E-01
    85 8.000000E-04 2.909829E-02 1.513323E-02 1.076250E-01
    86 8.000000E-04 2.619095E-02 7.209441E-03 1.071073E-01
    87 8.000000E-04 1.816799E-02 6.703501E-03 1.073379E-01
    88 8.000000E-04 1.678251E-02 4.369517E-03 1.145601E-01
    89 8.000000E-04 1.626220E-02 -3.623375E-02 1.080271E-01
    90 8.000000E-04 1.668536E-02 -3.690441E-02 1.128636E-01
    91 8.000000E-04 2.510877E-02 -6.579663E-02 7.640432E-02
    92 8.000000E-04 1.542739E-02 -6.309497E-02 7.765479E-02
    93 8.000000E-04 2.810259E-02 2.374848E-02 7.062832E-02
    94 8.000000E-04 1.807699E-03 -3.136483E-02 1.126298E-01
    95 8.000000E-04 3.456031E-02 1.322930E-02 5.412039E-02
    96 8.000000E-04 2.980816E-02 1.396376E-02 5.505023E-02
    97 8.000000E-04 3.146660E-02 -3.057812E-04 5.621374E-02
    98 8.000000E-04 2.978494E-02 6.298016E-03 5.457187E-02
    99 8.000000E-04 1.528414E-02 2.418962E-03 4.669677E-02
   100 8.000000E-04 1.585625E-02 -2.065966E-03 4.765322E-02
   101 8.000000E-04 1.738544E-02 7.631254E-05 5.109435E-02
   102 8.000000E-04 3.699561E-02 3.113116E-03 6.126923E-02
   103 8.000000E-04 2.606289E-02 4.878238E-02 5.513219E-02
   104 8.000000E-04 1.683823E-02 4.092508E-02 4.634228E-02
   105 8.000000E-04 1.708283E-02 3.907984E-02 7.027972E-02
   106 8.000000E-04 4.312722E-02 -2.937667E-02 6.248162E-02
   107 8.000000E-04 2.825458E-02 -2.927566E-03 7.970808E-02
   108 8.000000E-04 1.766120E-02 4.142741E-02 6.298857E-02
   109 8.000000E-04 2.773632E-02 -3.753892E-03 7.018845E-02
   110 8.000000E-04 2.619738E-02 4.179689E-02 5.551092E-02
   111 8.000000E-04 3.719088E-02 -2.572412E-03 8.108973E-02
   112 8.000000E-04 2.580460E-02 -1.412211E-02 7.182821E-02
   113 8.000000E-04 3.002027E-02 -1.210006E-02 8.065664E-02
   114 8.000000E-04 2.894761E-02 -2.095300E-02 7.960980E-02
   115 8.000000E-04 2.453883E-02 -2.852893E-02 7.180088E-02
   116 8.000000E-04 2.566190E-02 -2.149790E-02 7.336852E-02
   117 8.000000E-04 1.895391E-02 -1.241647E-02 7.846967E-02
   118 8.000000E-04 1.967169E-02 -1.934663E-02 8.031916E-02
   119 8.000000E-04 1.918595E-02 -1.361439E-02 7.219822E-02
   120 8.000000E-04 1.879631E-02 -2.127905E-02 7.076785E-02
   121 8.000000E-04 1.917260E-02 4.145414E-02 5.487562E-02
   122 8.000000E-04 2.932375E-02 -4.095684E-03 6.497442E-02
   123 8.000000E-04 3.618594E-02 -3.444388E-04 5.340136E-02
   124 8.000000E-04 2.539538E-02 -1.106718E-02 6.448381E-02
   125 8.000000E-04 2.720550E-02 -2.111827E-02 6.324552E-02
   126 8.000000E-04 3.686145E-02 -2.230815E-02 6.307949E-02
   127 8.000000E-04 1.883795E-02 -1.954412E-03 6.634162E-02
   128 8.000000E-04 2.045513E-02 -1.115395E-02 5.675057E-02
   129 8.000000E-04 8.860957E-03 -4.651721E-02 8.734161E-02
   130 8.000000E-04 2.022041E-02 -1.233452E-02 6.344511E-02
   131 8.000000E-04 5.923799E-03 -6.200552E-02 8.698151E-02
   132 8.000000E-04 2.000623E-02 -2.845033E-02 6.186082E-02
   133 8.000000E-04 2.866690E-02 -3.093253E-02 6.100762E-02
   134 8.000000E-04 2.563496E-02 -6.476095E-02 7.046819E-02
   135 8.000000E-04 2.125130E-02 -1.749642E-02 1.128623E-01
   136 8.000000E-04 1.643842E-02 -3.049402E-02 1.069402E-01
   137 8.000000E-04 2.655684E-02 -6.427483E-02 6.140890E-02
   138 8.000000E-04 1.819936E-02 -2.063970E-02 1.080933E-01
   139 8.000000E-04 1.765977E-02 -1.349926E-02 1.128824E-01
   140 8.000000E-04 1.550870E-02 -3.404616E-02 1.144900E-01
   141 8.000000E-04 -1.534499E-02 -5.072959E-02 1.046024E-01
   142 8.000000E-04 -1.595876E-02 -4.952082E-02 8.932162E-02
   143 8.000000E-04 -1.667325E-02 -3.907256E-02 1.001785E-01
   144 8.000000E-04 -1.700309E-02 -4.911488E-02 9.894874E-02
   145 8.000000E-04 1.648584E-02 -4.165780E-02 4.667672E-02
   146 8.000000E-04 -2.723267E-02 -4.068688E-02 9.925017E-02
   147 8.000000E-04 -3.128442E-02 -4.840780E-02 1.013045E-01
   148 8.000000E-04 -1.528166E-02 -5.455377E-02 9.605548E-02
   149 8.000000E-04 -2.246903E-02 -6.067487E-02 8.715003E-02
   150 8.000000E-04 -1.584015E-02 -5.667229E-02 8.981282E-02
   151 8.000000E-04 1.507963E-02 3.891654E-02 8.187114E-02
   152 8.000000E-04 3.008267E-02 -1.717787E-03 8.743333E-02
   153 8.000000E-04 4.160377E-02 -3.092725E-02 5.467157E-02
   154 8.000000E-04 2.760363E-02 1.421952E-02 6.268765E-02
   155 8.000000E-04 1.448380E-02 5.564429E-02 5.368491E-02
   156 8.000000E-04 4.168056E-02 -1.568584E-02 4.091276E-02
   157 8.000000E-04 2.802104E-02 1.372068E-02 7.052103E-02
   158 8.000000E-04 4.179766E-02 -1.533003E-02 3.990438E-02
   159 8.000000E-04 -1.280950E-02 -2.525892E-02 1.218198E-01
   160 8.000000E-04 3.339496E-02 -1.546892E-02 9.484722E-02
   161 8.000000E-04 1.019756E-02 1.473366E-02 8.963840E-02
   162 8.000000E-04 2.634027E-03 1.384218E-02 9.765783E-02
   163 8.000000E-04 1.567704E-02 2.969072E-02 9.021316E-02
   164 8.000000E-04 -8.764728E-03 1.332247E-02 9.999110E-02
   165 8.000000E-04 1.000395E-03 1.403978E-02 8.876689E-02
   166 8.000000E-04 -8.050667E-03 1.440408E-02 8.890595E-02
   167 8.000000E-04 8.870144E-03 4.256861E-03 8.994455E-02
   168 8.000000E-04 -1.026903E-02 5.134489E-03 1.002048E-01
   169 8.000000E-04 -1.012195E-02 7.126189E-03 8.886372E-02
   170 8.000000E-04 4.166656E-04 6.481337E-03 8.905313E-02
   171 8.000000E-04 1.643639E-03 5.678374E-03 9.922135E-02
   172 8.000000E-04 -2.293151E-03 1.259201E-02 8.430053E-02
   173 8.000000E-04 2.811871E-02 -2.369352E-02 5.150287E-02
   174 8.000000E-04 1.907190E-02 2.377371E-02 5.628889E-02
   175 8.000000E-04 2.974700E-02 -1.335865E-02 4.529774E-02
   176 8.000000E-04 2.884562E-02 -2.122037E-02 4.665887E-02
   177 8.000000E-04 2.235758E-02 -3.200939E-02 4.769336E-02
   178 8.000000E-04 1.973024E-02 -2.193653E-02 5.508956E-02
   179 8.000000E-04 2.870198E-02 -3.140475E-02 5.278689E-02
   180 8.000000E-04 2.869021E-02 -2.951458E-02 4.645314E-02
   181 8.000000E-04 1.877869E-02 -3.010224E-02 5.538163E-02
   182 8.000000E-04 -9.999503E-03 5.536041E-02 8.564762E-02
   183 8.000000E-04 -3.123562E-02 4.958096E-02 9.529843E-02
   184 8.000000E-04 -2.043708E-02 5.542369E-02 8.703489E-02
   185 8.000000E-04 -2.691903E-02 5.673246E-02 8.765962E-02
   186 8.000000E-04 3.749992E-02 6.840541E-03 4.896127E-02
   187 8.000000E-04 2.844223E-04 1.682575E-02 4.826302E-02
   188 8.000000E-04 3.392028E-02 -8.250251E-03 5.880709E-02
   189 8.000000E-04 7.836959E-03 1.353289E-02 5.175034E-02
   190 8.000000E-04 2.841153E-02 6.279075E-03 7.104239E-02
   191 8.000000E-04 1.153515E-02 -1.140989E-03 4.770418E-02
   192 8.000000E-04 3.297963E-02 -4.358021E-02 4.746212E-02
   193 8.000000E-04 2.191205E-04 -5.068752E-02 8.723942E-02
   194 8.000000E-04 8.411935E-03 7.282917E-03 5.198545E-02
   195 8.000000E-04 -1.687920E-03 -4.646874E-02 9.995192E-02
   196 8.000000E-04 1.204888E-02 4.274853E-03 4.740636E-02
   197 8.000000E-04 2.651296E-03 4.501848E-03 5.104718E-02
   198 8.000000E-04 1.900852E-03 3.593463E-03 4.876435E-02
   199 8.000000E-04 1.471817E-02 3.768599E-02 8.544963E-02
   200 8.000000E-04 -6.786109E-03 3.770170E-03 4.849388E-02
   201 8.000000E-04 1.503696E-02 -4.139714E-02 8.603219E-02
   202 8.000000E-04 -2.502236E-02 -3.945629E-02 8.772336E-02
   203 8.000000E-04 -1.391177E-02 1.396744E-02 3.524056E-02
   204 8.000000E-04 1.486813E-02 2.850999E-02 1.041009E-01
   205 8.000000E-04 -8.788340E-03 1.338927E-02 4.435017E-02
   206 8.000000E-04 1.572621E-02 3.015209E-02 9.504133E-02
   207 8.000000E-04 -1.066645E-02 1.334613E-02 3.662871E-02
   208 8.000000E-04 -4.045997E-02 1.179393E-02 1.061090E-01
   209 8.000000E-04 -3.975773E-02 1.375001E-02 1.018481E-01
   210 8.000000E-04 4.301132E-02 1.951427E-02 8.084709E-02
   211 8.000000E-04 -1.535763E-02 1.470269E-02 9.767113E-02
   212 8.000000E-04 -2.451875E-02 9.567690E-03 8.972948E-02
   213 8.000000E-04 -3.176912E-02 1.992383E-02 1.034157E-01
   214 8.000000E-04 4.399624E-02 1.934269E-02 8.877568E-02
   215 8.000000E-04 1.805144E-02 -3.864314E-02 7.185716E-02
   216 8.000000E-04 -1.674176E-02 1.368156E-02 8.905730E-02
   217 8.000000E-04 -3.481200E-02 1.344369E-02 1.061280E-01
   218 8.000000E-04 -4.035986E-02 2.736636E-03 1.029353E-01
   219 8.000000E-04 -1.570982E-02 7.051560E-03 8.848449E-02
   220 8.000000E-04 1.891170E-02 -3.227572E-02 7.174751E-02
   221 8.000000E-04 5.865564E-03 4.662429E-02 8.707798E-02
   222 8.000000E-04 -2.454280E-02 2.753599E-02 6.719321E-02
   223 8.000000E-04 7.231906E-03 3.861749E-02 9.762730E-02
   224 8.000000E-04 9.872449E-03 3.292970E-02 9.785949E-02
   225 8.000000E-04 -1.221010E-02 4.672510E-02 9.492831E-02
   226 8.000000E-04 2.291150E-03 4.724009E-02 8.616293E-02
   227 8.000000E-04 1.002459E-02 3.167845E-02 8.968677E-02
   228 8.000000E-04 -1.066238E-02 4.838210E-02 8.906769E-02
   229 8.000000E-04 2.447800E-03 3.002114E-02 1.067337E-01
   230 8.000000E-04 2.371937E-02 -3.592676E-02 6.865048E-02
   231 8.000000E-04 1.293797E-03 4.069965E-02 9.115219E-02
   232 8.000000E-04 -8.408343E-03 3.428222E-02 8.953231E-02
   233 8.000000E-04 1.765790E-03 3.372816E-02 9.912266E-02
   234 8.000000E-04 2.055617E-03 4.041849E-02 9.796529E-02
   235 8.000000E-04 2.077500E-03 3.321989E-02 9.076329E-02
   236 8.000000E-04 -9.255285E-03 3.385020E-02 9.922814E-02
   237 8.000000E-04 -8.483322E-03 4.171121E-02 9.017631E-02
   238 8.000000E-04 -8.516479E-03 4.087593E-02 9.753111E-02
   239 8.000000E-04 3.541484E-02 -2.082142E-02 4.474950E-02
   240 8.000000E-04 1.089871E-02 2.471126E-02 9.052772E-02
   241 8.000000E-04 1.158965E-02 2.446103E-02 9.935345E-02
   242 8.000000E-04 -8.562135E-03 2.510633E-02 8.629335E-02
   243 8.000000E-04 7.812929E-03 -4.840379E-02 8.169252E-02
   244 8.000000E-04 8.447479E-04 -4.049228E-02 7.101601E-02
   245 8.000000E-04 5.316549E-04 -4.190350E-02 8.087299E-02
   246 8.000000E-04 8.667105E-03 -5.692911E-02 8.038175E-02
   247 8.000000E-04 9.112054E-03 -5.740290E-02 7.150044E-02
   248 8.000000E-04 -8.036631E-03 -5.659422E-02 8.240516E-02
   249 8.000000E-04 -8.651210E-03 -5.765658E-02 7.103342E-02
   250 8.000000E-04 1.882429E-03 -5.866503E-02 7.300344E-02
   251 8.000000E-04 -1.424165E-02 -4.341722E-02 5.561348E-02
   252 8.000000E-04 -1.156864E-02 -4.236449E-02 6.177044E-02
   253 8.000000E-04 1.124697E-03 -3.953322E-02 6.016968E-02
   254 8.000000E-04 9.739975E-03 -5.735434E-02 6.238560E-02
   255 8.000000E-04 -9.171383E-03 -5.878041E-02 6.334115E-02
   256 8.000000E-04 2.797982E-02 -6.353571E-02 5.389814E-02
   257 8.000000E-04 3.101073E-02 -6.394655E-02 4.715064E-02
   258 8.000000E-04 -1.630073E-02 4.748139E-03 9.681933E-02
   259 8.000000E-04 2.012778E-02 -6.436880E-02 5.392870E-02
   260 8.000000E-04 -8.599754E-03 -6.442181E-02 9.534352E-02
   261 8.000000E-04 -2.564283E-02 5.150475E-02 8.869620E-02
   262 8.000000E-04 -1.801849E-02 4.779748E-02 9.627321E-02
   263 8.000000E-04 -3.260300E-02 5.218306E-02 8.753014E-02
   264 8.000000E-04 -1.763857E-02 5.019038E-02 8.888437E-02
   265 8.000000E-04 -1.612820E-02 -4.046826E-02 8.935798E-02
   266 8.000000E-04 -2.485443E-02 4.871367E-02 9.693119E-02
   267 8.000000E-04 3.415310E-03 2.349925E-02 1.001274E-01
   268 8.000000E-04 -1.623523E-02 4.226897E-02 9.787212E-02
   269 8.000000E-04 -2.651177E-02 3.422183E-02 9.058648E-02
   270 8.000000E-04 1.086291E-03 2.402862E-02 8.907859E-02
   271 8.000000E-04 -1.707152E-02 4.274997E-02 9.093405E-02
   272 8.000000E-04 4.375118E-02 1.511067E-02 7.068131E-02
   273 8.000000E-04 -1.569759E-02 2.644834E-02 9.219270E-02
   274 8.000000E-04 -2.701237E-02 2.322868E-02 9.906753E-02
   275 8.000000E-04 4.416078E-02 1.788658E-02 6.716210E-02
   276 8.000000E-04 -1.613346E-02 2.468176E-02 9.825987E-02
   277 8.000000E-04 -3.351713E-02 2.141297E-02 9.822461E-02
   278 8.000000E-04 -3.203260E-02 2.294551E-02 9.039636E-02
   279 8.000000E-04 -1.641062E-02 3.262316E-02 8.965974E-02
   280 8.000000E-04 9.859510E-03 -3.425411E-03 9.229301E-02
   281 8.000000E-04 1.976567E-02 2.459035E-02 8.176639E-02
   282 8.000000E-04 1.169726E-02 -1.080058E-02 9.332736E-02
   283 8.000000E-04 1.048464E-02 -1.992076E-02 9.723794E-02
   284 8.000000E-04 1.132096E-02 -2.977867E-02 8.943305E-02
   285 8.000000E-04 9.307413E-03 -1.248453E-02 9.618227E-02
   286 8.000000E-04 1.037660E-02 -2.310947E-02 9.043865E-02
   287 8.000000E-04 3.277750E-02 -5.980183E-02 5.031894E-02
   288 8.000000E-04 -5.280962E-03 -5.036733E-03 8.900371E-02
   289 8.000000E-04 -5.567589E-03 -6.101911E-03 9.988200E-02
   290 8.000000E-04 -7.441305E-03 -1.059447E-02 9.957252E-02
   291 8.000000E-04 3.414343E-02 -2.791848E-02 4.533989E-02
   292 8.000000E-04 2.020001E-03 -2.297551E-02 9.720267E-02
   293 8.000000E-04 3.320042E-02 -6.327543E-02 4.968696E-02
   294 8.000000E-04 -5.704591E-03 -2.863588E-02 9.104434E-02
   295 8.000000E-04 4.035954E-05 -2.107626E-02 9.030106E-02
   296 8.000000E-04 2.779994E-03 -2.786603E-03 8.855668E-02
   297 8.000000E-04 -1.789220E-02 6.055187E-03 1.102829E-01
   298 8.000000E-04 -6.844444E-03 -4.216852E-02 8.250058E-02
   299 8.000000E-04 -2.619411E-02 5.744578E-03 1.091677E-01
   300 8.000000E-04 -1.787173E-02 3.475253E-02 4.672311E-02
   301 8.000000E-04 -7.262906E-03 -4.910831E-02 9.041678E-02
   302 8.000000E-04 -2.555305E-02 6.867543E-02 4.385709E-02
   303 8.000000E-04 1.047177E-02 4.158757E-02 8.089278E-02
   304 8.000000E-04 -3.132058E-02 3.732692E-02 7.366932E-02
   305 8.000000E-04 1.693533E-03 5.062909E-02 7.100880E-02
   306 8.000000E-04 -7.775496E-03 4.298176E-02 8.217356E-02
   307 8.000000E-04 -8.014255E-03 4.293323E-02 7.185484E-02
   308 8.000000E-04 -2.726097E-02 -2.934620E-03 8.998145E-02
   309 8.000000E-04 4.176325E-02 2.916507E-02 5.724766E-02
   310 8.000000E-04 9.017871E-03 4.970545E-02 4.705271E-02
   311 8.000000E-04 -8.740474E-04 1.526864E-02 1.141404E-01
   312 8.000000E-04 9.930899E-03 3.360182E-02 6.158802E-02
   313 8.000000E-04 -4.587251E-04 1.535308E-02 1.082865E-01
   314 8.000000E-04 1.145815E-02 4.185562E-02 5.391301E-02
   315 8.000000E-04 -2.201633E-02 7.339334E-02 4.484036E-02
   316 8.000000E-04 1.203712E-03 5.217287E-02 6.257670E-02
   317 8.000000E-04 2.477677E-04 3.125801E-02 6.049014E-02
   318 8.000000E-04 3.603908E-02 2.506132E-02 5.635094E-02
   319 8.000000E-04 9.299290E-04 3.296395E-02 5.447313E-02
   320 8.000000E-04 9.490047E-03 -1.468033E-02 7.024311E-02
   321 8.000000E-04 -1.487478E-02 -6.434876E-02 8.973670E-02
   322 8.000000E-04 -3.765169E-03 2.384569E-02 5.697957E-02
   323 8.000000E-04 1.668616E-02 3.103374E-03 5.115869E-02
   324 8.000000E-04 -1.957879E-02 7.400560E-02 6.181295E-02
   325 8.000000E-04 1.855287E-02 -3.173927E-02 8.250086E-02
   326 8.000000E-04 7.882596E-03 4.679180E-02 7.972727E-02
   327 8.000000E-04 1.961910E-02 3.438213E-02 5.544801E-02
   328 8.000000E-04 1.292922E-02 -2.362666E-02 5.783061E-02
   329 8.000000E-04 -1.040828E-02 2.212799E-02 6.324974E-02
   330 8.000000E-04 -7.279547E-05 3.729904E-02 5.441759E-02
   331 8.000000E-04 -2.075841E-02 7.321577E-02 5.060125E-02
   332 8.000000E-04 -2.624305E-02 -2.183440E-02 9.095934E-02
   333 8.000000E-04 3.473866E-02 2.968323E-02 7.843856E-02
   334 8.000000E-04 2.231396E-03 2.287492E-02 5.229908E-02
   335 8.000000E-04 3.742432E-02 3.016743E-02 5.721121E-02
   336 8.000000E-04 1.522709E-03 2.383489E-02 6.203555E-02
   337 8.000000E-04 1.785878E-02 3.226539E-02 7.991064E-02
   338 8.000000E-04 9.355493E-03 -2.058834E-02 8.108538E-02
   339 8.000000E-04 8.144316E-03 2.403204E-02 5.382651E-02
   340 8.000000E-04 8.306584E-03 2.984579E-02 1.073516E-01
   341 8.000000E-04 1.488630E-02 -5.245972E-02 3.984285E-02
   342 8.000000E-04 -8.385103E-03 4.372572E-02 5.419544E-02
   343 8.000000E-04 3.724352E-02 6.119144E-03 5.247359E-02
   344 8.000000E-04 1.007578E-04 1.383685E-02 5.293182E-02
   345 8.000000E-04 -1.172631E-02 1.813849E-02 6.013717E-02
   346 8.000000E-04 -1.162242E-02 2.856808E-02 1.132556E-01
   347 8.000000E-04 -8.324639E-03 3.080676E-02 1.070670E-01
   348 8.000000E-04 -1.026817E-02 1.361251E-02 5.274838E-02
   349 8.000000E-04 3.425341E-02 -2.195057E-02 9.763900E-02
   350 8.000000E-04 1.193780E-02 2.437360E-02 7.112274E-02
   351 8.000000E-04 -1.749541E-02 -1.135384E-02 1.094711E-01
   352 8.000000E-04 -1.579573E-02 -5.443270E-03 1.143671E-01
   353 8.000000E-04 7.442479E-03 1.483882E-02 4.889868E-02
   354 8.000000E-04 -6.567924E-03 -4.701496E-02 1.053652E-01
   355 8.000000E-04 1.759412E-02 -4.107366E-03 1.131303E-01
   356 8.000000E-04 -1.274700E-02 -7.605614E-03 1.221773E-01
   357 8.000000E-04 1.906113E-02 -1.300834E-02 1.100178E-01
   358 8.000000E-04 -1.063336E-02 2.141203E-02 1.126166E-01
   359 8.000000E-04 -1.655800E-02 2.276348E-02 1.083433E-01
   360 8.000000E-04 7.875186E-03 2.866485E-02 1.129357E-01
   361 8.000000E-04 -9.304076E-03 5.114875E-02 4.442219E-02
   362 8.000000E-04 -3.988004E-02 -1.756423E-02 1.040816E-01
   363 8.000000E-04 7.331903E-04 2.315130E-02 1.078802E-01
   364 8.000000E-04 3.545697E-02 -2.132563E-02 9.066631E-02
   365 8.000000E-04 1.005414E-02 2.508121E-02 8.172098E-02
   366 8.000000E-04 -1.812397E-02 -1.191985E-02 9.756703E-02
   367 8.000000E-04 -1.522021E-02 2.366894E-02 1.127504E-01
   368 8.000000E-04 1.559769E-02 -5.421027E-02 3.940938E-02
   369 8.000000E-04 -9.367453E-03 5.129774E-02 5.286014E-02
   370 8.000000E-04 4.280176E-02 -2.400662E-02 6.381687E-02
   371 8.000000E-04 -1.488862E-02 2.987924E-02 1.070269E-01
   372 8.000000E-04 9.022177E-03 -3.317907E-03 6.949455E-02
   373 8.000000E-04 -2.613217E-02 -1.540841E-02 9.120875E-02
   374 8.000000E-04 9.909268E-03 -3.063279E-02 8.096938E-02
   375 8.000000E-04 2.947865E-02 2.225498E-02 5.600321E-02
   376 8.000000E-04 -3.148917E-02 4.084617E-02 8.334144E-02
   377 8.000000E-04 -4.003646E-02 -1.794483E-02 1.029469E-01
   378 8.000000E-04 2.799557E-02 3.123188E-02 7.305631E-02
   379 8.000000E-04 -3.598159E-02 3.452405E-02 1.035423E-01
   380 8.000000E-04 1.090461E-03 -4.218840E-03 7.229511E-02
   381 8.000000E-04 9.378746E-03 -4.058735E-02 7.239562E-02
   382 8.000000E-04 -6.624973E-03 -2.275100E-02 7.326955E-02
   383 8.000000E-04 1.107499E-03 -1.129460E-02 7.171074E-02
   384 8.000000E-04 -2.211628E-04 -1.500010E-02 8.101876E-02
   385 8.000000E-04 8.995182E-03 -4.048841E-02 6.150453E-02
   386 8.000000E-04 -9.271463E-03 -1.855980E-02 6.413929E-02
   387 8.000000E-04 1.068350E-02 -4.045155E-02 8.056447E-02
   388 8.000000E-04 -7.743702E-03 -2.325870E-02 7.819665E-02
   389 8.000000E-04 6.728085E-03 -1.414888E-02 5.336967E-02
   390 8.000000E-04 2.916421E-03 3.427597E-02 3.669908E-02
   391 8.000000E-04 -2.741496E-02 1.513222E-02 9.940479E-02
   392 8.000000E-04 -3.451727E-02 -1.940809E-02 1.072505E-01
   393 8.000000E-04 2.707679E-02 3.251702E-02 5.696144E-02
   394 8.000000E-04 -3.324724E-02 3.280780E-02 8.961626E-02
   395 8.000000E-04 1.838800E-03 -2.613001E-03 5.098565E-02
   396 8.000000E-04 1.943846E-02 -5.693587E-02 6.274524E-02
   397 8.000000E-04 4.310351E-02 6.446914E-03 7.267308E-02
   398 8.000000E-04 -1.715163E-02 6.954375E-02 4.617412E-02
   399 8.000000E-04 3.471853E-02 -1.247043E-03 6.993571E-02
   400 8.000000E-04 -2.484566E-04 -1.342659E-02 6.398096E-02
   401 8.000000E-04 -7.505446E-03 -1.767785E-02 4.836723E-02
   402 8.000000E-04 2.355210E-02 3.741599E-02 7.079321E-02
   403 8.000000E-04 3.513250E-02 -3.544040E-03 6.144377E-02
   404 8.000000E-04 2.002052E-03 -1.386489E-02 5.320573E-02
   405 8.000000E-04 1.804710E-02 -4.908755E-02 6.138693E-02
   406 8.000000E-04 -1.921178E-02 2.716806E-02 5.056077E-02
   407 8.000000E-04 1.944779E-02 2.373746E-02 7.168448E-02
   408 8.000000E-04 1.048960E-02 -1.176044E-02 7.929228E-02
   409 8.000000E-04 2.626210E-02 -1.066020E-02 1.086968E-01
   410 8.000000E-04 -7.828157E-03 -2.765988E-03 6.258646E-02
   411 8.000000E-04 2.852062E-02 2.492207E-02 6.298734E-02
   412 8.000000E-04 1.423213E-04 -2.960387E-02 7.091047E-02
   413 8.000000E-04 2.641776E-04 -5.674892E-02 8.128257E-02
   414 8.000000E-04 -3.222922E-02 5.083698E-02 8.289892E-02
   415 8.000000E-04 -8.245408E-03 3.188032E-02 6.985000E-02
   416 8.000000E-04 -7.860492E-03 -6.418948E-02 9.060014E-02
   417 8.000000E-04 -2.635154E-02 5.184290E-02 8.070409E-02
   418 8.000000E-04 1.234897E-03 4.335854E-02 8.156107E-02
   419 8.000000E-04 -1.640038E-02 5.144010E-02 8.140163E-02
   420 8.000000E-04 -1.820664E-02 -6.447034E-02 7.980847E-02
   421 8.000000E-04 -3.128438E-02 4.991792E-02 7.098340E-02
   422 8.000000E-04 -1.675751E-02 -3.779155E-02 1.058123E-01
   423 8.000000E-04 1.841320E-02 -3.887643E-03 9.122392E-02
   424 8.000000E-04 -1.776017E-02 5.030128E-02 7.187338E-02
   425 8.000000E-04 -1.693718E-02 -6.343581E-02 5.440349E-02
   426 8.000000E-04 -8.190966E-03 3.401377E-02 8.118930E-02
   427 8.000000E-04 -2.593618E-02 5.141432E-02 7.119044E-02
   428 8.000000E-04 -9.052180E-03 2.285061E-02 8.303608E-02
   429 8.000000E-04 1.461203E-03 4.231858E-02 7.181954E-02
   430 8.000000E-04 -2.614502E-03 -6.642552E-02 9.426151E-02
   431 8.000000E-04 -2.526881E-02 4.046966E-02 7.283851E-02
   432 8.000000E-04 1.920615E-03 3.240290E-02 8.058756E-02
   433 8.000000E-04 4.182241E-02 2.736811E-02 5.779642E-02
   434 8.000000E-04 6.176238E-03 5.563875E-02 6.902095E-02
   435 8.000000E-04 1.945096E-03 2.421762E-02 7.474130E-02
   436 8.000000E-04 -1.721265E-02 4.327711E-02 7.029037E-02
   437 8.000000E-04 -1.642895E-02 -4.333388E-02 6.891854E-02
   438 8.000000E-04 2.794404E-02 3.044742E-02 6.169796E-02
   439 8.000000E-04 -3.260355E-02 3.186324E-02 8.458277E-02
   440 8.000000E-04 -4.874547E-03 -5.830754E-02 3.730461E-02
   441 8.000000E-04 1.100839E-02 4.256320E-02 7.237259E-02
   442 8.000000E-04 1.027521E-02 5.077454E-02 5.342003E-02
   443 8.000000E-04 1.086742E-02 -4.473421E-03 9.716844E-02
   444 8.000000E-04 -1.896515E-02 3.264822E-02 8.017926E-02
   445 8.000000E-04 -3.174690E-02 3.338568E-02 7.482854E-02
   446 8.000000E-04 -2.683431E-02 3.285521E-02 8.143588E-02
   447 8.000000E-04 -1.005606E-02 2.346312E-02 7.150834E-02
   448 8.000000E-04 -3.774391E-04 4.326356E-02 4.145528E-02
   449 8.000000E-04 -2.655282E-02 -2.191101E-02 1.002680E-01
   450 8.000000E-04 -2.665099E-02 4.192167E-02 8.027726E-02
   451 8.000000E-04 -1.718481E-02 7.790500E-03 1.862466E-02
   452 8.000000E-04 -1.773656E-02 -1.655341E-03 7.831743E-02
   453 8.000000E-04 -1.709059E-02 4.556711E-03 2.658307E-02
   454 8.000000E-04 1.617819E-02 -3.172017E-03 9.638992E-02
   455 8.000000E-04 -1.807005E-02 -1.919427E-03 7.133813E-02
   456 8.000000E-04 -2.536351E-02 -5.761227E-03 1.147231E-01
   457 8.000000E-04 -9.293878E-03 4.233906E-02 6.293648E-02
   458 8.000000E-04 4.303337E-02 2.379180E-02 6.974745E-02
   459 8.000000E-04 -1.841460E-02 1.394041E-02 7.295191E-02
   460 8.000000E-04 -2.627245E-02 3.163968E-02 9.913838E-02
   461 8.000000E-04 -3.635126E-02 -3.428903E-03 1.092299E-01
   462 8.000000E-04 -2.607105E-02 3.930595E-02 5.293620E-02
   463 8.000000E-04 1.060516E-02 -3.041944E-02 7.055905E-02
   464 8.000000E-04 2.814723E-04 6.660750E-02 3.628437E-02
   465 8.000000E-04 -7.484968E-03 -2.246723E-02 8.976792E-02
   466 8.000000E-04 -7.767751E-03 -2.132039E-02 1.095687E-01
   467 8.000000E-04 3.642049E-02 -3.045372E-02 5.624884E-02
   468 8.000000E-04 -1.880327E-05 -2.139878E-02 1.088151E-01
   469 8.000000E-04 -2.808371E-02 2.992145E-02 1.036162E-01
   470 8.000000E-04 -3.419642E-02 -2.038859E-03 1.022905E-01
   471 8.000000E-04 2.059814E-03 6.327331E-03 6.518321E-02
   472 8.000000E-04 -8.445985E-03 6.755686E-02 6.478035E-02
   473 8.000000E-04 -4.077666E-02 5.702948E-03 1.063211E-01
   474 8.000000E-04 -1.900332E-02 -4.124822E-02 1.143662E-01
   475 8.000000E-04 -5.135464E-03 3.365917E-02 5.760875E-02
   476 8.000000E-04 3.704032E-02 2.004092E-02 1.065857E-01
   477 8.000000E-04 -2.526042E-02 5.187843E-02 6.391728E-02
   478 8.000000E-04 -2.539591E-02 -1.158165E-02 1.146479E-01
   479 8.000000E-04 1.929481E-02 4.705995E-02 5.960366E-02
   480 8.000000E-04 2.762382E-02 6.138529E-03 9.071457E-02
   481 8.000000E-04 -1.322367E-02 2.835891E-02 1.129723E-01
   482 8.000000E-04 1.047332E-02 -3.705424E-03 6.463262E-02
   483 8.000000E-04 -2.208823E-02 2.507673E-02 8.116289E-02
   484 8.000000E-04 -3.608585E-02 -1.336581E-02 1.081656E-01
   485 8.000000E-04 -2.022357E-02 -4.420670E-02 1.160080E-01
   486 8.000000E-04 8.515418E-03 -2.077040E-02 6.215873E-02
   487 8.000000E-04 2.391523E-02 -1.794392E-02 1.087736E-01
   488 8.000000E-04 3.304499E-02 -6.327522E-02 4.790078E-02
   489 8.000000E-04 -8.772078E-03 -2.732849E-02 7.732813E-02
   490 8.000000E-04 -3.412356E-02 8.270192E-03 1.015128E-01
   491 8.000000E-04 -2.708366E-02 4.095126E-02 8.904162E-02
   492 8.000000E-04 4.212515E-03 5.574873E-02 2.990684E-02
   493 8.000000E-04 1.072655E-02 2.504130E-02 1.075699E-01
   494 8.000000E-04 -1.884209E-02 -1.491714E-02 7.589321E-02
   495 8.000000E-04 -3.565164E-02 1.533025E-02 1.014886E-01
   496 8.000000E-04 -4.007496E-02 -8.665230E-03 1.134587E-01
   497 8.000000E-04 -2.662827E-02 1.425102E-02 9.146743E-02
   498 8.000000E-04 -3.256690E-02 -1.846652E-02 1.132771E-01
   499 8.000000E-04 -7.186181E-03 -4.148808E-02 1.145790E-01
   500 8.000000E-04 -1.323003E-02 -1.887211E-02 5.398044E-02
   501 8.000000E-04 -3.585518E-02 -2.914347E-03 1.136233E-01
   502 8.000000E-04 -2.698566E-02 -5.029671E-03 1.084159E-01
   503 8.000000E-04 3.661563E-02 -2.985979E-02 6.154520E-02
   504 8.000000E-04 -1.602474E-03 -1.996076E-02 1.163154E-01
   505 8.000000E-04 -7.038932E-03 -6.430486E-02 3.466992E-02
   506 8.000000E-04 -3.237717E-03 -4.444650E-02 1.133641E-01
   507 8.000000E-04 -3.226242E-02 -4.601396E-02 1.085271E-01
   508 8.000000E-04 -6.669606E-03 -4.054743E-02 4.521323E-02
   509 8.000000E-04 -7.921082E-03 -1.322307E-02 1.104055E-01
   510 8.000000E-04 -7.049617E-03 6.573054E-02 3.068775E-02
   511 8.000000E-04 1.227159E-04 -4.101176E-02 9.940994E-02
   512 8.000000E-04 -2.508809E-02 3.336660E-02 5.208295E-02
   513 8.000000E-04 -6.766568E-03 3.174744E-02 6.234478E-02
   514 8.000000E-04 9.747840E-03 2.352206E-02 6.078878E-02
   515 8.000000E-04 -2.356101E-02 -6.396005E-02 8.791407E-02
   516 8.000000E-04 9.668350E-03 -4.860052E-02 5.390752E-02
   517 8.000000E-04 3.679431E-02 2.088075E-02 9.962748E-02
   518 8.000000E-04 -2.545211E-02 5.196912E-02 5.589034E-02
   519 8.000000E-04 -4.295680E-03 6.980030E-02 7.741500E-02
   520 8.000000E-04 -9.291756E-03 -1.243996E-02 1.153991E-01
   521 8.000000E-04 -3.213438E-02 -3.367691E-02 1.128940E-01
   522 8.000000E-04 -1.923571E-02 -5.052752E-02 8.090738E-02
   523 8.000000E-04 -4.746794E-03 -4.444170E-02 1.134269E-01
   524 8.000000E-04 1.798789E-02 -4.098084E-03 1.104253E-01
   525 8.000000E-04 -1.857170E-02 -2.620432E-04 6.456251E-02
   526 8.000000E-04 3.366620E-02 -1.305582E-02 8.890808E-02
   527 8.000000E-04 1.186418E-02 1.508104E-02 9.970911E-02
   528 8.000000E-04 -1.741488E-02 -2.002526E-02 1.151086E-01
   529 8.000000E-04 -8.576159E-03 5.069862E-02 6.197963E-02
   530 8.000000E-04 1.362544E-03 -3.899619E-02 8.811210E-02
   531 8.000000E-04 -2.365363E-02 3.294158E-02 4.801071E-02
   532 8.000000E-04 -2.713027E-02 2.083221E-02 1.055578E-01
   533 8.000000E-04 -3.464309E-02 -1.141678E-02 1.138628E-01
   534 8.000000E-04 -2.594086E-02 -1.201494E-02 1.080007E-01
   535 8.000000E-04 2.826432E-02 5.978368E-03 8.043693E-02
   536 8.000000E-04 1.946330E-02 4.920606E-02 5.398702E-02
   537 8.000000E-04 7.826109E-03 -3.038244E-03 5.243205E-02
   538 8.000000E-04 -4.076545E-04 6.582079E-03 8.330037E-02
   539 8.000000E-04 4.507931E-02 1.653561E-02 8.849083E-02
   540 8.000000E-04 -1.680621E-02 2.344356E-02 7.106370E-02
   541 8.000000E-04 1.162543E-02 3.362935E-02 8.100852E-02
   542 8.000000E-04 -7.860016E-03 5.072852E-02 8.101517E-02
   543 8.000000E-04 -2.476623E-02 3.328683E-02 7.303855E-02
   544 8.000000E-04 -2.002800E-03 -4.079021E-02 1.131627E-01
   545 8.000000E-04 3.016502E-03 5.282902E-02 5.437554E-02
   546 8.000000E-04 3.618277E-02 2.563825E-02 6.316566E-02
   547 8.000000E-04 -3.086925E-02 6.854991E-02 4.132295E-02
   548 8.000000E-04 -2.758079E-02 6.391532E-03 1.001911E-01
   549 8.000000E-04 -6.737287E-03 -4.041466E-02 7.012593E-02
   550 8.000000E-04 -9.816503E-03 7.402260E-02 4.937691E-02
   551 8.000000E-04 -4.041359E-02 -1.253935E-02 1.076288E-01
   552 8.000000E-04 -7.413365E-03 -3.977886E-02 1.081196E-01
   553 8.000000E-04 1.815099E-02 -4.042023E-02 6.113921E-02
   554 8.000000E-04 -2.688000E-02 -4.198485E-02 1.139642E-01
   555 8.000000E-04 -8.077046E-03 3.355143E-02 3.758493E-02
   556 8.000000E-04 1.795875E-02 2.353225E-02 8.968635E-02
   557 8.000000E-04 1.197995E-02 -9.662079E-03 6.365323E-02
   558 8.000000E-04 -5.732816E-03 -4.883377E-02 8.079881E-02
   559 8.000000E-04 -1.933682E-02 -2.156765E-02 7.210114E-02
   560 8.000000E-04 -3.238450E-02 5.786511E-02 8.863476E-02
   561 8.000000E-04 -4.044532E-02 -4.692344E-03 1.127906E-01
   562 8.000000E-04 -2.626489E-02 -4.470980E-02 1.138543E-01
   563 8.000000E-04 7.455811E-04 3.450313E-03 7.090939E-02
   564 8.000000E-04 -1.997743E-03 -4.602874E-02 1.046021E-01
   565 8.000000E-04 -3.221716E-02 -4.490882E-02 1.139899E-01
   566 8.000000E-04 -6.047723E-03 -3.870939E-02 3.757934E-02
   567 8.000000E-04 1.934613E-02 -3.592826E-03 7.985843E-02
   568 8.000000E-04 -1.547726E-02 5.097559E-02 4.573325E-02
   569 8.000000E-04 -8.655883E-03 -3.100865E-02 1.135344E-01
   570 8.000000E-04 2.916983E-02 2.453976E-02 8.800165E-02
   571 8.000000E-04 4.654825E-03 -3.122892E-02 6.666269E-02
   572 8.000000E-04 -1.797144E-02 6.114109E-03 6.348013E-02
   573 8.000000E-04 -7.078739E-03 -4.819505E-02 7.341462E-02
   574 8.000000E-04 -1.896247E-02 -1.788412E-02 6.584230E-02
   575 8.000000E-04 -3.312131E-02 -3.380232E-02 1.107277E-01
   576 8.000000E-04 -7.598735E-03 2.324035E-02 1.092727E-01
   577 8.000000E-04 -9.207975E-03 -4.316898E-03 1.099419E-01
   578 8.000000E-04 -2.394678E-02 3.845494E-02 4.843246E-02
   579 8.000000E-04 3.319653E-02 -2.767328E-02 9.691360E-02
   580 8.000000E-04 4.487812E-04 -2.024279E-02 7.978919E-02
   581 8.000000E-04 7.308945E-03 5.130632E-02 3.012113E-02
   582 8.000000E-04 -6.998531E-03 -6.432740E-02 7.330585E-02
   583 8.000000E-04 -7.471629E-03 -3.049977E-02 1.080834E-01
   584 8.000000E-04 -1.722847E-02 -1.177838E-02 1.156917E-01
   585 8.000000E-04 -2.339280E-02 1.469769E-02 1.122898E-01
   586 8.000000E-04 -7.176936E-03 5.000265E-02 7.163663E-02
   587 8.000000E-04 1.094021E-02 3.287912E-02 7.209404E-02
   588 8.000000E-04 8.178923E-03 3.957330E-02 9.044609E-02
   589 8.000000E-04 -2.469437E-02 2.305145E-02 7.078452E-02
   590 8.000000E-04 -9.778592E-04 -3.736493E-02 3.822939E-02
   591 8.000000E-04 1.734513E-02 3.579340E-02 4.788540E-02
   592 8.000000E-04 1.147799E-02 -2.034988E-02 1.127208E-01
   593 8.000000E-04 -1.720441E-02 -4.589137E-03 1.098485E-01
   594 8.000000E-04 1.007666E-02 -2.116321E-02 1.086041E-01
   595 8.000000E-04 1.489602E-02 -4.436166E-02 8.562595E-02
   596 8.000000E-04 -2.673680E-02 -3.361212E-02 1.127051E-01
   597 8.000000E-04 -2.613323E-02 -6.424675E-02 7.548057E-02
   598 8.000000E-04 -7.490112E-03 -1.049830E-02 1.239713E-01
   599 8.000000E-04 -1.549996E-02 6.017732E-02 3.465553E-02
   600 8.000000E-04 -9.442347E-03 -4.674660E-03 1.160196E-01
   601 8.000000E-04 -8.374464E-03 -6.649062E-03 1.234011E-01
   602 8.000000E-04 1.044937E-02 -3.292860E-02 6.518385E-02
   603 8.000000E-04 -2.287099E-02 -4.897462E-02 8.817544E-02
   604 8.000000E-04 9.825297E-03 -3.060971E-02 1.073470E-01
   605 8.000000E-04 -3.316414E-02 -3.848783E-02 1.100823E-01
   606 8.000000E-04 -3.278886E-02 3.982100E-02 9.640060E-02
   607 8.000000E-04 3.045684E-03 -3.055971E-02 7.886167E-02
   608 8.000000E-04 1.959238E-02 -6.410205E-02 7.044220E-02
   609 8.000000E-04 -1.545884E-02 1.913376E-03 4.645919E-02
   610 8.000000E-04 -2.552678E-02 4.171762E-02 9.765241E-02
   611 8.000000E-04 1.582678E-03 6.055907E-02 3.585711E-02
   612 8.000000E-04 -1.787646E-02 -5.792972E-02 6.223872E-02
   613 8.000000E-04 -9.641170E-03 -2.354892E-02 1.216487E-01
   614 8.000000E-04 3.387766E-02 -2.655461E-02 9.082332E-02
   615 8.000000E-04 2.779089E-04 -2.223007E-02 7.291820E-02
   616 8.000000E-04 6.984012E-03 4.984048E-02 3.568057E-02
   617 8.000000E-04 -1.807071E-02 3.305859E-02 7.317767E-02
   618 8.000000E-04 1.078909E-02 -4.448598E-03 1.094216E-01
   619 8.000000E-04 3.285520E-02 -1.882796E-02 8.055464E-02
   620 8.000000E-04 -1.338345E-02 -1.100851E-02 1.215709E-01
   621 8.000000E-04 -1.907511E-04 -2.977110E-02 1.084710E-01
   622 8.000000E-04 1.194590E-02 -1.078958E-02 1.129113E-01
   623 8.000000E-04 -1.854993E-02 4.041939E-02 5.268864E-02
   624 8.000000E-04 3.330652E-02 -4.529722E-02 5.395717E-02
   625 8.000000E-04 -7.718827E-03 6.013357E-02 3.544359E-02
   626 8.000000E-04 4.356100E-03 -1.798132E-02 6.335888E-02
   627 8.000000E-04 1.948531E-02 -2.303195E-03 6.967301E-02
   628 8.000000E-04 -1.702396E-02 5.313955E-02 5.435660E-02
   629 8.000000E-04 -7.938496E-03 -1.167467E-02 6.239731E-02
   630 8.000000E-04 1.115479E-02 5.867660E-03 9.892698E-02
   631 8.000000E-04 2.148519E-03 -4.885127E-02 4.342196E-02
   632 8.000000E-04 -1.405458E-02 -3.085732E-02 1.135079E-01
   633 8.000000E-04 -2.477589E-02 -2.879962E-02 1.051326E-01
   634 8.000000E-04 -1.682927E-02 2.073797E-02 3.475552E-04
   635 8.000000E-04 -1.612661E-02 9.879402E-03 8.362059E-03
   636 8.000000E-04 -1.717399E-02 -7.827615E-03 9.336751E-02
   637 8.000000E-04 3.718348E-03 2.352181E-02 1.132694E-01
   638 8.000000E-04 -1.670241E-02 4.112587E-02 4.525154E-02
   639 8.000000E-04 1.131880E-02 -5.083403E-03 1.131123E-01
   640 8.000000E-04 -1.725786E-02 3.221457E-02 6.391402E-02
   641 8.000000E-04 -4.044503E-03 -5.515094E-02 4.814574E-02
   642 8.000000E-04 -1.717890E-02 5.049883E-02 6.337410E-02
   643 8.000000E-04 -2.795377E-02 -4.817153E-02 1.007552E-01
   644 8.000000E-04 -1.839281E-02 -6.411859E-02 6.140985E-02
   645 8.000000E-04 -9.227503E-03 -4.074434E-02 8.879560E-02
   646 8.000000E-04 -1.527978E-02 4.524148E-02 3.938994E-02
   647 8.000000E-04 5.996168E-03 -5.896667E-03 1.228551E-01
   648 8.000000E-04 -1.982347E-02 3.239348E-02 5.342705E-02
   649 8.000000E-04 1.660540E-02 4.757047E-02 4.887207E-02
   650 8.000000E-04 -1.722953E-02 3.247405E-02 9.993157E-02
   651 8.000000E-04 1.017996E-02 -4.357147E-03 7.978275E-02
   652 8.000000E-04 -2.623124E-02 -1.236881E-02 9.814652E-02
   653 8.000000E-04 8.142793E-03 2.661885E-02 1.134458E-01
   654 8.000000E-04 -1.726042E-02 -1.396338E-02 6.151185E-02
   655 8.000000E-04 2.877993E-03 -4.154322E-03 6.551579E-02
   656 8.000000E-04 -1.224450E-02 1.098769E-02 1.145830E-02
   657 8.000000E-04 1.255048E-03 -4.935584E-02 7.340128E-02
   658 8.000000E-04 -1.979510E-02 -2.651743E-02 7.563375E-02
   659 8.000000E-04 1.053594E-02 -2.146644E-02 7.002447E-02
   660 8.000000E-04 2.206777E-03 -4.734152E-02 6.242063E-02
   661 8.000000E-04 -1.203426E-02 1.381720E-02 1.453520E-05
   662 8.000000E-04 -1.448813E-02 6.539419E-03 1.133277E-01
   663 8.000000E-04 3.835424E-04 -4.054413E-03 7.959088E-02
   664 8.000000E-04 -2.571873E-02 -5.657482E-02 7.491499E-02
   665 8.000000E-04 3.131886E-03 4.257882E-02 3.024062E-02
   666 8.000000E-04 1.993746E-02 -4.846775E-02 5.468723E-02
   667 8.000000E-04 -1.409407E-02 2.261450E-02 6.512380E-02
   668 8.000000E-04 -2.467727E-02 -2.770035E-02 8.226692E-02
   669 8.000000E-04 4.228959E-02 2.888800E-02 6.959656E-02
   670 8.000000E-04 9.936027E-03 5.025840E-02 6.294833E-02
   671 8.000000E-04 9.160333E-03 -6.411630E-02 5.200802E-02
   672 8.000000E-04 -7.784928E-03 6.043094E-03 7.329404E-02
   673 8.000000E-04 2.492485E-02 -1.079058E-02 1.126559E-01
   674 8.000000E-04 -7.131813E-03 -1.948436E-03 7.238875E-02
   675 8.000000E-04 2.007734E-02 2.435223E-02 6.218913E-02
   676 8.000000E-04 1.042315E-02 -1.219886E-02 1.102448E-01
   677 8.000000E-04 -1.377738E-02 6.094116E-02 3.036923E-02
   678 8.000000E-04 -2.734736E-02 -4.052529E-02 1.081995E-01
   679 8.000000E-04 -1.403433E-02 1.406294E-02 5.366097E-02
   680 8.000000E-04 -3.119689E-02 -1.625459E-02 9.227084E-02
   681 8.000000E-04 -2.283510E-02 -1.466203E-02 8.015652E-02
   682 8.000000E-04 2.103622E-03 4.219862E-02 6.419773E-02
   683 8.000000E-04 -1.293450E-02 5.347144E-02 3.980232E-02
   684 8.000000E-04 -1.863969E-02 -1.383505E-02 8.036916E-02
   685 8.000000E-04 -1.735191E-02 1.468481E-02 1.967899E-03
   686 8.000000E-04 -3.305943E-02 4.062108E-02 9.030609E-02
   687 8.000000E-04 2.838895E-03 -3.465366E-02 5.532440E-02
   688 8.000000E-04 1.812500E-03 -1.339056E-02 1.089256E-01
   689 8.000000E-04 -2.204162E-02 1.578418E-02 8.481943E-04
   690 8.000000E-04 -1.602129E-02 8.675735E-03 1.964819E-03
   691 8.000000E-04 -1.656357E-02 7.468114E-04 3.059878E-02
   692 8.000000E-04 -1.597301E-02 -1.025637E-02 5.387482E-02
   693 8.000000E-04 -1.619390E-02 1.298426E-02 8.892606E-03
   694 8.000000E-04 3.972240E-04 3.477885E-02 6.962925E-02
   695 8.000000E-04 1.043392E-02 -4.002617E-02 8.873768E-02
   696 8.000000E-04 2.322577E-03 4.212293E-02 3.489212E-02
   697 8.000000E-04 -2.402543E-02 -5.977047E-02 6.106453E-02
   698 8.000000E-04 4.242093E-02 2.539878E-02 6.496245E-02
   699 8.000000E-04 -1.700822E-02 1.339092E-02 7.896974E-02
   700 8.000000E-04 7.335820E-03 5.554569E-02 6.423466E-02
   701 8.000000E-04 2.767747E-03 2.540016E-02 8.014105E-02
   702 8.000000E-04 -1.713487E-02 4.231457E-02 7.979984E-02
   703 8.000000E-04 2.270857E-02 -2.402050E-02 4.712687E-02
   704 8.000000E-04 -1.656046E-02 -4.294577E-02 6.189003E-02
   705 8.000000E-04 -3.136310E-02 4.277397E-02 6.441954E-02
   706 8.000000E-04 7.429497E-03 6.057516E-02 3.756358E-02
   707 8.000000E-04 -1.519863E-02 1.346901E-02 1.769373E-02
   708 8.000000E-04 -1.435683E-02 1.416841E-02 2.678078E-02
   709 8.000000E-04 -9.113081E-03 -1.224421E-02 5.118329E-02
   710 8.000000E-04 1.128835E-02 4.291215E-02 6.382346E-02
   711 8.000000E-04 -2.243627E-02 7.320505E-02 3.675803E-02
   712 8.000000E-04 -2.704116E-04 -3.951043E-02 1.077160E-01
   713 8.000000E-04 -2.434030E-02 3.357527E-02 6.307218E-02
   714 8.000000E-04 -7.600263E-04 -6.433097E-02 8.776468E-02
   715 8.000000E-04 -2.614985E-02 4.146998E-02 6.380892E-02
   716 8.000000E-04 -1.628380E-02 4.229974E-02 6.376157E-02
   717 8.000000E-04 2.053303E-02 -2.237162E-02 6.385217E-02
   718 8.000000E-04 -1.858959E-02 -3.833773E-02 8.431931E-02
   719 8.000000E-04 1.502431E-02 -4.856678E-02 7.105780E-02
   720 8.000000E-04 4.517373E-02 1.464778E-02 8.135218E-02
   721 8.000000E-04 -1.728395E-02 2.496551E-02 8.130005E-02
   722 8.000000E-04 2.377210E-02 4.393593E-02 5.989529E-02
   723 8.000000E-04 3.742025E-02 -2.893589E-03 8.650444E-02
   724 8.000000E-04 -1.419929E-03 -1.175742E-02 4.812951E-02
   725 8.000000E-04 -3.102859E-03 1.445664E-02 7.259579E-02
   726 8.000000E-04 2.604481E-03 1.379825E-02 6.084081E-02
   727 8.000000E-04 -8.138885E-03 -2.076458E-02 1.151663E-01
   728 8.000000E-04 1.208260E-02 -4.211252E-02 4.700337E-02
   729 8.000000E-04 -2.697993E-02 1.407228E-02 1.078172E-01
   730 8.000000E-04 -2.474780E-02 -6.471231E-02 5.781147E-02
   731 8.000000E-04 -1.243650E-02 -6.588002E-02 4.888741E-02
   732 8.000000E-04 -3.167118E-02 1.844676E-02 9.153965E-02
   733 8.000000E-04 1.149083E-02 -4.845185E-02 6.162429E-02
   734 8.000000E-04 -2.462864E-02 -6.422681E-02 7.973493E-02
   735 8.000000E-04 -1.113672E-02 -6.344533E-02 5.362260E-02
   736 8.000000E-04 -6.679157E-03 8.405443E-03 6.259875E-02
   737 8.000000E-04 -2.630810E-02 -4.858178E-02 1.054976E-01
   738 8.000000E-04 -1.621726E-02 -6.389781E-02 7.401584E-02
   739 8.000000E-04 3.444263E-02 -2.455894E-02 5.586878E-02
   740 8.000000E-04 7.454769E-03 2.370690E-02 4.835332E-02
   741 8.000000E-04 3.579885E-02 2.970348E-02 7.154790E-02
   742 8.000000E-04 1.109711E-03 2.378447E-02 4.855854E-02
   743 8.000000E-04 -1.350510E-02 -6.531312E-02 9.493891E-02
   744 8.000000E-04 -7.029826E-03 2.274722E-02 4.561635E-02
   745 8.000000E-04 1.910231E-03 -1.084683E-02 1.010581E-01
   746 8.000000E-04 -5.312250E-03 4.963958E-02 3.618780E-02
   747 8.000000E-04 3.366210E-04 5.136569E-02 4.465811E-02
   748 8.000000E-04 -9.550439E-03 4.141531E-02 4.510120E-02
   749 8.000000E-04 -2.723978E-02 -3.756758E-03 9.903794E-02
   750 8.000000E-04 -2.926630E-03 -1.540399E-02 8.616342E-02
   751 8.000000E-04 -3.899715E-03 4.708717E-02 3.015107E-02
   752 8.000000E-04 -5.133263E-03 4.182017E-02 3.780935E-02
   753 8.000000E-04 1.259555E-03 -2.244926E-03 1.080144E-01
   754 8.000000E-04 7.848925E-03 4.161157E-02 3.649495E-02
   755 8.000000E-04 1.958791E-03 5.982192E-02 5.369571E-02
   756 8.000000E-04 -8.374855E-03 3.268791E-02 4.752228E-02
   757 8.000000E-04 -2.790126E-02 3.314497E-03 1.142652E-01
   758 8.000000E-04 -6.186971E-03 -4.043600E-02 5.359133E-02
   759 8.000000E-04 3.993206E-03 2.912161E-02 4.867415E-02
   760 8.000000E-04 7.468486E-03 3.495906E-02 3.717688E-02
   761 8.000000E-04 -2.457750E-02 -2.145063E-03 7.875986E-02
   762 8.000000E-04 -2.314109E-02 6.712344E-02 5.279390E-02
   763 8.000000E-04 9.180245E-04 -5.196913E-03 1.007399E-01
   764 8.000000E-04 6.228225E-03 3.991315E-02 3.080808E-02
   765 8.000000E-04 -1.043333E-04 5.965416E-02 6.309053E-02
   766 8.000000E-04 1.302583E-02 4.214590E-02 4.670616E-02
   767 8.000000E-04 7.484478E-03 -4.926602E-02 4.474704E-02
   768 8.000000E-04 -2.435838E-02 -6.422032E-02 5.991692E-02
   769 8.000000E-04 -2.310422E-02 6.753648E-03 6.571009E-02
   770 8.000000E-04 -2.178280E-02 7.321403E-02 5.098490E-02
   771 8.000000E-04 -2.519266E-02 -2.320211E-03 7.136296E-02
   772 8.000000E-04 -9.066528E-03 -1.927382E-02 5.428907E-02
   773 8.000000E-04 9.981185E-03 -4.024230E-02 5.310076E-02
   774 8.000000E-04 -2.436123E-02 7.071904E-02 3.897574E-02
   775 8.000000E-04 -2.230533E-02 -1.413804E-03 5.697986E-02
   776 8.000000E-04 -2.292907E-02 7.023463E-02 6.140926E-02
   777 8.000000E-04 1.112103E-02 -3.692838E-02 1.050228E-01
   778 8.000000E-04 -1.908803E-02 -1.352112E-03 5.244845E-02
   779 8.000000E-04 2.034139E-02 -6.364755E-02 6.127562E-02
   780 8.000000E-04 -1.675905E-02 2.116721E-03 5.330623E-02
   781 8.000000E-04 2.807985E-02 2.524908E-02 8.142877E-02
   782 8.000000E-04 -9.846109E-04 -3.251624E-02 8.885260E-02
   783 8.000000E-04 1.556536E-02 -3.699287E-02 1.021065E-01
   784 8.000000E-04 -2.204339E-02 -3.848369E-02 8.363508E-02
   785 8.000000E-04 -1.724976E-02 1.304779E-02 6.361712E-02
   786 8.000000E-04 -2.787318E-02 2.273072E-02 9.132621E-02
   787 8.000000E-04 -3.560545E-02 -1.241397E-02 1.025331E-01
   788 8.000000E-04 9.691149E-03 3.297913E-02 5.359615E-02
   789 8.000000E-04 -2.234181E-02 1.169546E-02 6.289317E-02
   790 8.000000E-04 4.189710E-02 -3.394507E-03 8.364739E-02
   791 8.000000E-04 2.462006E-04 -3.587125E-03 1.149685E-01
   792 8.000000E-04 -1.754984E-02 5.502787E-03 8.019485E-02
   793 8.000000E-04 -1.250450E-02 1.913769E-02 0.000000E+00
   794 8.000000E-04 1.037067E-02 -3.047299E-02 5.630362E-02
   795 8.000000E-04 4.166960E-02 -3.359990E-03 8.566776E-02
   796 8.000000E-04 2.379816E-03 -6.142667E-03 1.228128E-01
   797 8.000000E-04 -2.205947E-02 1.966019E-02 5.483315E-04
   798 8.000000E-04 -1.772356E-02 5.149069E-03 7.374186E-02
   799 8.000000E-04 -1.010631E-02 7.467171E-02 4.632269E-02
   800 8.000000E-04 6.451237E-03 -4.954830E-02 3.834574E-02
   801 8.000000E-04 -2.345374E-02 6.110696E-03 7.405852E-02
   802 8.000000E-04 -2.240129E-02 7.391170E-02 6.231535E-02
   803 8.000000E-04 7.534360E-03 2.988160E-02 4.886752E-02
   804 8.000000E-04 -2.232502E-02 1.164844E-02 7.467260E-02
   805 8.000000E-04 -8.041413E-03 2.423903E-02 9.860338E-02
   806 8.000000E-04 -1.303045E-02 -6.581362E-02 4.848693E-02
   807 8.000000E-04 -9.599550E-03 -3.647159E-03 5.303315E-02
   808 8.000000E-04 -3.991011E-04 -6.341647E-02 5.553422E-02
   809 8.000000E-04 -1.138757E-02 -1.781579E-03 3.938388E-02
   810 8.000000E-04 2.367340E-03 -6.483319E-02 3.775729E-02
   811 8.000000E-04 4.175690E-02 2.882791E-02 6.149302E-02
   812 8.000000E-04 8.155744E-03 4.989400E-02 6.953252E-02
   813 8.000000E-04 8.700528E-03 -6.560403E-02 4.534612E-02
   814 8.000000E-04 1.881625E-02 -4.632077E-02 4.742383E-02
   815 8.000000E-04 -1.519921E-02 2.042861E-02 3.683503E-02
   816 8.000000E-04 -2.531750E-02 -2.916501E-02 9.067703E-02
   817 8.000000E-04 -1.205893E-02 8.915833E-03 1.665701E-04
   818 8.000000E-04 8.786564E-04 -4.833719E-02 8.118632E-02
   819 8.000000E-04 -1.983081E-02 -3.097085E-02 8.027923E-02
   820 8.000000E-04 -1.243814E-02 1.388428E-02 2.163057E-02
   821 8.000000E-04 -1.476332E-02 -9.523607E-03 4.880152E-02
   822 8.000000E-04 -2.478809E-02 -5.330550E-02 1.039616E-01
   823 8.000000E-04 9.804852E-03 -3.578985E-02 1.126477E-01
   824 8.000000E-04 -1.575260E-02 -2.400349E-03 4.447816E-02
   825 8.000000E-04 -2.557749E-02 3.993537E-02 1.034353E-01
   826 8.000000E-04 -3.325300E-02 2.936132E-03 1.137269E-01
   827 8.000000E-04 -1.742799E-02 -5.815414E-02 5.621699E-02
   828 8.000000E-04 -6.751028E-03 -2.319313E-02 9.854155E-02
   829 8.000000E-04 -2.421201E-02 -5.832614E-02 5.616866E-02
   830 8.000000E-04 -1.684510E-02 -4.654209E-02 4.673438E-02
   831 8.000000E-04 -5.917003E-03 -6.372705E-02 6.385139E-02
   832 8.000000E-04 -1.471878E-02 -4.026307E-02 4.640827E-02
   833 8.000000E-04 -1.706333E-02 -5.013023E-02 5.354895E-02
   834 8.000000E-04 2.954152E-02 -2.189602E-03 9.992769E-02
   835 8.000000E-04 -8.883431E-03 4.503566E-03 1.141154E-01
   836 8.000000E-04 3.602208E-02 -3.792646E-02 6.035710E-02
   837 8.000000E-04 9.422459E-03 3.439026E-03 6.830455E-02
   838 8.000000E-04 -8.246136E-03 5.789772E-03 1.099992E-01
   839 8.000000E-04 8.486048E-03 4.182118E-03 6.458503E-02
   840 8.000000E-04 -2.218135E-03 3.170871E-03 1.136953E-01
   841 8.000000E-04 5.678627E-03 5.531740E-02 3.044315E-02
   842 8.000000E-04 4.364085E-04 4.542675E-03 1.077934E-01
   843 8.000000E-04 1.176407E-02 -3.064314E-02 1.134166E-01
   844 8.000000E-04 -3.124217E-02 -4.048520E-02 1.020099E-01
   845 8.000000E-04 -2.405877E-02 -5.056586E-02 7.969212E-02
   846 8.000000E-04 -2.733652E-02 -2.202850E-02 1.085263E-01
   847 8.000000E-04 -8.911203E-03 1.501182E-02 1.129089E-01
   848 8.000000E-04 -2.535030E-02 -2.045906E-02 1.136627E-01
   849 8.000000E-04 -8.745332E-03 1.514240E-02 1.101498E-01
   850 8.000000E-04 3.300210E-02 -8.110614E-03 5.809491E-02
   851 8.000000E-04 8.828799E-03 1.337883E-02 6.453779E-02
   852 8.000000E-04 -8.693017E-03 6.826537E-03 5.301182E-02
   853 8.000000E-04 -9.311911E-03 -6.383459E-02 8.042533E-02
   854 8.000000E-04 3.283188E-02 -5.987395E-02 4.768832E-02
   855 8.000000E-04 5.259062E-03 -6.533921E-02 4.506009E-02
   856 8.000000E-04 -5.493661E-03 -2.020963E-03 7.928485E-02
   857 8.000000E-04 -3.368969E-02 -1.977503E-02 1.018874E-01
   858 8.000000E-04 -9.407826E-03 6.722965E-03 7.989753E-02
   859 8.000000E-04 9.870893E-03 -6.416619E-02 6.125977E-02
   860 8.000000E-04 3.470899E-02 -4.015677E-02 5.550933E-02
   861 8.000000E-04 -2.368250E-02 -2.346756E-02 8.272832E-02
   862 8.000000E-04 1.004505E-02 4.666874E-03 8.244080E-02
   863 8.000000E-04 -1.015161E-02 1.479086E-02 8.048041E-02
   864 8.000000E-04 -8.245390E-03 1.359785E-02 7.389605E-02
   865 8.000000E-04 3.640625E-02 -1.349430E-02 4.263486E-02
   866 8.000000E-04 1.250428E-02 1.414099E-02 7.036441E-02
   867 8.000000E-04 3.946011E-02 -1.427338E-02 3.970734E-02
   868 8.000000E-04 1.135469E-02 1.449654E-02 8.040782E-02
   869 8.000000E-04 3.563472E-02 1.690462E-02 1.058578E-01
   870 8.000000E-04 -2.497596E-02 5.984568E-02 6.249009E-02
   871 8.000000E-04 -1.712811E-02 5.888459E-02 6.299498E-02
   872 8.000000E-04 -1.752574E-02 6.005153E-02 5.455431E-02
   873 8.000000E-04 3.711280E-02 1.636504E-02 9.990269E-02
   874 8.000000E-04 -2.473865E-02 6.064406E-02 5.471337E-02
   875 8.000000E-04 -8.477123E-04 -9.797742E-03 1.229032E-01
   876 8.000000E-04 -1.777032E-02 6.932788E-02 6.340261E-02
   877 8.000000E-04 -1.799654E-02 6.798585E-02 5.235950E-02
   878 8.000000E-04 -3.093120E-02 6.052469E-02 6.195931E-02
   879 8.000000E-04 -1.626383E-02 6.138910E-02 7.262447E-02
   880 8.000000E-04 -9.206975E-03 -5.610150E-02 1.067731E-01
   881 8.000000E-04 -2.721335E-02 5.862966E-02 8.143823E-02
   882 8.000000E-04 -4.143411E-02 -3.669703E-03 1.091703E-01
   883 8.000000E-04 -3.251301E-02 5.786308E-02 8.230786E-02
   884 8.000000E-04 4.630925E-02 8.226919E-03 7.999973E-02
   885 8.000000E-04 1.139815E-03 -1.043553E-02 1.145709E-01
   886 8.000000E-04 -1.574802E-02 6.670720E-02 7.134291E-02
   887 8.000000E-04 -7.984503E-03 -5.476885E-02 9.788847E-02
   888 8.000000E-04 -2.594792E-02 5.817165E-02 7.079206E-02
   889 8.000000E-04 -1.559768E-02 5.554378E-02 8.063015E-02
   890 8.000000E-04 -4.037111E-02 -5.606152E-04 1.031515E-01
   891 8.000000E-04 -3.076780E-02 5.516679E-02 7.029071E-02
   892 8.000000E-04 1.664650E-03 -5.822695E-02 6.300100E-02
   893 8.000000E-04 -3.059280E-02 4.961930E-02 6.581321E-02
   894 8.000000E-04 -1.553693E-02 6.067119E-02 4.520929E-02
   895 8.000000E-04 -1.675712E-02 7.057331E-02 3.851089E-02
   896 8.000000E-04 -2.454176E-02 6.310262E-02 4.816021E-02
   897 8.000000E-04 -1.616671E-02 7.377580E-02 3.866750E-02
   898 8.000000E-04 -7.244376E-03 -1.200909E-02 4.729538E-02
   899 8.000000E-04 2.851791E-02 3.028448E-02 7.923370E-02
   900 8.000000E-04 -3.492420E-02 3.335689E-02 9.838778E-02
   901 8.000000E-04 -9.806895E-04 -4.564305E-03 4.742081E-02
   902 8.000000E-04 1.758562E-03 -1.753555E-02 5.275633E-02
   903 8.000000E-04 -1.805782E-02 2.413439E-02 4.461231E-02
   904 8.000000E-04 -2.672808E-02 -2.981345E-02 1.009827E-01
   905 8.000000E-04 3.031800E-03 -6.430549E-02 6.090205E-02
   906 8.000000E-04 2.034279E-03 -6.422883E-02 7.320294E-02
   907 8.000000E-04 -7.738912E-03 -4.032050E-03 4.525788E-02
   908 8.000000E-04 2.022731E-03 -6.464181E-02 7.914460E-02
   909 8.000000E-04 3.635087E-02 2.499278E-02 8.031676E-02
   910 8.000000E-04 1.007193E-02 -6.426922E-02 7.791501E-02
   911 8.000000E-04 9.411993E-03 -6.405315E-02 7.209178E-02
   912 8.000000E-04 -8.438342E-03 -5.983878E-02 5.513699E-02
   913 8.000000E-04 3.838365E-04 -5.655051E-02 5.341368E-02
   914 8.000000E-04 4.702699E-04 -5.392948E-02 4.346398E-02
   915 8.000000E-04 -7.099186E-03 -2.876537E-02 7.240928E-02
   916 8.000000E-04 7.609247E-04 -5.529860E-02 3.808629E-02
   917 8.000000E-04 -2.567259E-02 -2.282020E-03 6.266045E-02
   918 8.000000E-04 1.063133E-02 -5.522718E-02 4.464642E-02
   919 8.000000E-04 1.104135E-02 -5.389462E-02 3.892327E-02
   920 8.000000E-04 1.059259E-02 -5.478231E-02 5.539448E-02
   921 8.000000E-04 3.463338E-02 -1.033686E-02 8.045883E-02
   922 8.000000E-04 -1.695168E-02 -2.125950E-02 1.087814E-01
   923 8.000000E-04 1.115674E-02 1.423615E-02 1.086957E-01
   924 8.000000E-04 -7.236456E-03 -4.773799E-02 4.648202E-02
   925 8.000000E-04 -1.850931E-02 -2.082787E-02 8.112983E-02
   926 8.000000E-04 -6.327438E-03 -4.669652E-02 5.274551E-02
   927 8.000000E-04 1.844159E-03 -4.761671E-02 5.397343E-02
   928 8.000000E-04 4.856931E-04 -3.894606E-02 5.467048E-02
   929 8.000000E-04 3.301991E-02 -4.491171E-02 4.731876E-02
   930 8.000000E-04 -1.013744E-02 6.094559E-02 2.941234E-02
   931 8.000000E-04 -3.099597E-04 -4.050392E-02 4.383375E-02
   932 8.000000E-04 -1.669629E-02 -3.081867E-02 1.058937E-01
   933 8.000000E-04 1.047852E-02 7.469729E-03 1.079742E-01
   934 8.000000E-04 1.552538E-03 -4.924729E-02 3.502147E-02
   935 8.000000E-04 -1.847604E-02 -4.815148E-02 6.434046E-02
   936 8.000000E-04 9.954946E-03 -3.058934E-02 9.945913E-02
   937 8.000000E-04 1.986476E-03 5.034121E-02 3.502542E-02
   938 8.000000E-04 -3.300956E-02 -4.065047E-02 1.137691E-01
   939 8.000000E-04 -2.325621E-02 -4.825491E-02 6.345592E-02
   940 8.000000E-04 1.759195E-02 -3.951025E-02 8.049477E-02
   941 8.000000E-04 -1.371094E-02 1.257650E-02 4.443252E-02
   942 8.000000E-04 -2.228956E-02 -4.355824E-02 6.174463E-02
   943 8.000000E-04 -2.495442E-02 -5.658662E-02 7.856955E-02
   944 8.000000E-04 7.933376E-03 5.852402E-02 4.361474E-02
   945 8.000000E-04 -3.564524E-02 5.524483E-03 1.085375E-01
   946 8.000000E-04 -1.744245E-02 -5.726193E-02 8.088009E-02
   947 8.000000E-04 -1.836488E-02 -5.741848E-02 7.369415E-02
   948 8.000000E-04 3.061908E-03 5.222626E-02 2.962850E-02
   949 8.000000E-04 -2.483280E-02 -5.050186E-02 7.299015E-02
   950 8.000000E-04 -2.675303E-03 6.637094E-02 3.099420E-02
   951 8.000000E-04 -1.781530E-02 -4.862014E-02 6.968093E-02
   952 8.000000E-04 -3.166009E-02 -2.890979E-02 9.938614E-02
   953 8.000000E-04 -1.685896E-02 -1.433811E-02 8.889797E-02
   954 8.000000E-04 3.460466E-02 -1.022955E-02 7.586576E-02
   955 8.000000E-04 -4.058733E-03 -4.965414E-02 3.967468E-02
   956 8.000000E-04 1.156150E-02 1.598733E-02 1.151692E-01
   957 8.000000E-04 -1.834842E-02 -2.124327E-02 1.007106E-01
   958 8.000000E-04 -9.717461E-03 -4.751813E-02 6.420659E-02
   959 8.000000E-04 -1.766579E-02 -2.072170E-02 8.903858E-02
   960 8.000000E-04 -2.415692E-02 4.456188E-03 7.767818E-02
   961 8.000000E-04 -1.099241E-02 7.351367E-02 3.824763E-02
   962 8.000000E-04 -2.230135E-02 1.269715E-02 8.011602E-02
   963 8.000000E-04 -3.134013E-02 -1.897433E-02 9.206104E-02
   964 8.000000E-04 -1.214948E-02 1.410182E-02 2.736705E-02
   965 8.000000E-04 -1.933025E-02 -3.054821E-02 9.045350E-02
   966 8.000000E-04 1.262725E-02 5.632590E-03 1.136813E-01
   967 8.000000E-04 2.050695E-04 -4.914878E-02 3.019842E-02
   968 8.000000E-04 -1.735024E-02 -3.279832E-02 1.016987E-01
   969 8.000000E-04 -1.769566E-02 -5.886539E-03 1.003808E-01
   970 8.000000E-04 2.711724E-04 4.860797E-02 8.057106E-02
   971 8.000000E-04 -3.967293E-02 -1.626362E-02 1.028406E-01
   972 8.000000E-04 -2.478280E-02 -5.307722E-02 1.031815E-01
   973 8.000000E-04 -1.596471E-02 -6.679925E-04 3.670050E-02
   974 8.000000E-04 2.072658E-02 -6.427350E-02 4.526693E-02
   975 8.000000E-04 -1.646260E-02 2.268685E-03 3.396066E-02
   976 8.000000E-04 1.592616E-02 2.411131E-02 1.047319E-01
   977 8.000000E-04 -7.839851E-03 5.975806E-02 6.292839E-02
   978 8.000000E-04 -5.603422E-03 -1.158750E-02 7.263440E-02
   979 8.000000E-04 -8.076137E-03 6.695522E-02 5.386194E-02
   980 8.000000E-04 1.801942E-02 2.274574E-02 9.662006E-02
   981 8.000000E-04 -8.675684E-03 6.057991E-02 5.463188E-02
   982 8.000000E-04 -1.070476E-03 6.600545E-02 6.360116E-02
   983 8.000000E-04 1.372477E-03 6.779516E-02 5.268523E-02
   984 8.000000E-04 5.950934E-03 6.559726E-02 5.325333E-02
   985 8.000000E-04 -1.677269E-02 1.436057E-02 1.092720E-01
   986 8.000000E-04 8.652949E-03 5.795946E-02 5.340701E-02
   987 8.000000E-04 -7.198304E-03 6.061167E-02 7.021104E-02
   988 8.000000E-04 2.062679E-04 6.305735E-02 7.720648E-02
   989 8.000000E-04 -1.675981E-02 7.400682E-02 4.417634E-02
   990 8.000000E-04 -1.327152E-03 6.770235E-02 7.731753E-02
   991 8.000000E-04 -6.638753E-04 6.016723E-02 7.080819E-02
   992 8.000000E-04 -9.124025E-04 6.714874E-02 7.357192E-02
   993 8.000000E-04 -3.677003E-03 -1.563215E-02 8.574089E-02
   994 8.000000E-04 -7.656511E-03 6.715032E-02 7.082431E-02
   995 8.000000E-04 -8.858051E-03 5.717692E-02 7.970004E-02
   996 8.000000E-04 -4.746521E-03 -1.378780E-02 8.131597E-02
   997 8.000000E-04 -7.880152E-03 6.945470E-02 4.555697E-02
   998 8.000000E-04 -1.558496E-02 1.413088E-02 1.132037E-01
   999 8.000000E-04 -7.275467E-03 6.800092E-02 3.608303E-02
  1000 8.000000E-04 6.637912E-04 6.690284E-02 4.411066E-02
  1001 8.000000E-04 2.675832E-03 6.034034E-02 4.465395E-02
  1002 8.000000E-04 -8.096020E-03 5.943514E-02 4.526135E-02
  1003 8.000000E-04 -1.267561E-02 6.437318E-02 3.045716E-02
  1004 8.000000E-04 6.842501E-03 6.567840E-02 3.784733E-02
  1005 8.000000E-04 9.972987E-03 -4.909635E-02 7.315440E-02
  1006 8.000000E-04 6.261358E-03 6.619671E-02 4.128443E-02
  1007 8.000000E-04 -8.347676E-03 -3.126790E-02 1.001774E-01
  1008 8.000000E-04 -8.155938E-04 -3.160405E-02 9.927461E-02
