   776 -4.104075E-02 4.576110E-02 0.000000E+00 1.257243E-01
     1 8.000000E-04 3.029323E-02 1.471683E-02 1.144593E-01
     2 8.000000E-04 1.216627E-03 4.943343E-02 8.471104E-02
     3 8.000000E-04 -5.563373E-03 -1.205147E-02 4.440443E-02
     4 8.000000E-04 -2.919167E-02 3.152514E-02 5.011443E-02
     5 8.000000E-04 3.095323E-02 -5.696638E-02 5.976443E-02
     6 8.000000E-04 -3.912165E-02 3.524013E-02 9.969437E-02
     7 8.000000E-04 -9.333732E-04 -5.082808E-02 3.250613E-02
     8 8.000000E-04 4.186413E-02 2.994393E-02 6.872849E-02
     9 8.000000E-04 4.144261E-02 2.842275E-02 5.832187E-02
    10 8.000000E-04 4.306548E-02 1.956239E-02 8.690798E-02
    11 8.000000E-04 4.136145E-02 2.004495E-02 1.016628E-01
    12 8.000000E-04 4.496952E-02 1.711154E-02 8.793898E-02
    13 8.000000E-04 4.188101E-02 1.795963E-02 1.016935E-01
    14 8.000000E-04 3.363500E-02 3.096538E-02 7.735244E-02
    15 8.000000E-04 2.878184E-02 1.951544E-02 1.068579E-01
    16 8.000000E-04 3.676388E-02 2.052842E-02 1.070943E-01
    17 8.000000E-04 3.353032E-02 2.349293E-02 8.983152E-02
    18 8.000000E-04 3.660704E-02 2.115590E-02 9.998930E-02
    19 8.000000E-04 3.128172E-02 -3.163548E-03 1.010378E-01
    20 8.000000E-04 3.154695E-02 1.483983E-03 9.782377E-02
    21 8.000000E-04 3.498361E-02 5.105779E-03 8.775629E-02
    22 8.000000E-04 2.788601E-02 1.494820E-02 9.996112E-02
    23 8.000000E-04 2.799757E-02 2.525514E-02 8.732935E-02
    24 8.000000E-04 2.846454E-02 2.014577E-02 9.888648E-02
    25 8.000000E-04 2.521560E-02 1.277339E-02 9.036621E-02
    26 8.000000E-04 3.125948E-02 -4.119183E-02 6.477148E-02
    27 8.000000E-04 3.108073E-02 -4.004558E-02 6.453523E-02
    28 8.000000E-04 2.834876E-02 -3.799564E-03 1.010962E-01
    29 8.000000E-04 2.775238E-02 -5.331985E-03 8.741645E-02
    30 8.000000E-04 3.685106E-02 -4.282856E-03 8.624386E-02
    31 8.000000E-04 3.289177E-02 -1.902850E-02 9.808244E-02
    32 8.000000E-04 3.276521E-02 -2.488982E-02 9.734965E-02
    33 8.000000E-04 3.466835E-02 -2.313351E-02 9.090053E-02
    34 8.000000E-04 3.452283E-02 -1.697997E-02 8.974715E-02
    35 8.000000E-04 2.731864E-02 -1.766718E-02 9.663046E-02
    36 8.000000E-04 2.715156E-02 -2.649502E-02 9.605624E-02
    37 8.000000E-04 2.536128E-02 -2.548447E-02 9.030344E-02
    38 8.000000E-04 2.713470E-02 -1.581498E-02 8.909849E-02
    39 8.000000E-04 3.196966E-02 -4.652093E-02 4.429657E-02
    40 8.000000E-04 3.266256E-02 -4.319825E-02 5.748322E-02
    41 8.000000E-04 3.269867E-02 -4.369936E-02 4.990101E-02
    42 8.000000E-04 3.182767E-02 -5.752967E-02 4.897203E-02
    43 8.000000E-04 2.495840E-02 -5.643857E-02 5.771641E-02
    44 8.000000E-04 2.723079E-02 -5.547561E-02 5.105116E-02
    45 8.000000E-04 4.279490E-02 1.991456E-02 8.076765E-02
    46 8.000000E-04 4.547401E-02 1.356367E-02 8.036697E-02
    47 8.000000E-04 4.275635E-02 2.433671E-02 6.944252E-02
    48 8.000000E-04 4.339271E-02 1.462252E-02 7.073234E-02
    49 8.000000E-04 3.567411E-02 2.542972E-02 7.926552E-02
    50 8.000000E-04 3.606922E-02 2.440324E-02 6.892235E-02
    51 8.000000E-04 3.213071E-02 -3.397526E-03 6.592607E-02
    52 8.000000E-04 3.565706E-02 3.802231E-03 7.860018E-02
    53 8.000000E-04 2.633299E-02 2.492769E-02 6.905763E-02
    54 8.000000E-04 2.609955E-02 2.610077E-02 8.029017E-02
    55 8.000000E-04 2.679260E-02 1.387240E-02 8.058535E-02
    56 8.000000E-04 2.587027E-02 1.377589E-02 6.893764E-02
    57 8.000000E-04 2.650351E-02 4.832293E-03 6.864959E-02
    58 8.000000E-04 1.276710E-02 -4.257975E-02 8.677741E-02
    59 8.000000E-04 1.394246E-03 -4.166474E-02 1.074470E-01
    60 8.000000E-04 -7.957108E-03 -5.491062E-02 1.068703E-01
    61 8.000000E-04 -1.084832E-02 -5.468243E-02 1.064797E-01
    62 8.000000E-04 -5.194263E-03 -4.539998E-02 1.005779E-01
    63 8.000000E-04 -6.587066E-03 -5.292340E-02 9.878975E-02
    64 8.000000E-04 -4.999311E-03 -5.619760E-02 8.812051E-02
    65 8.000000E-04 2.780916E-02 1.514547E-02 1.082182E-01
    66 8.000000E-04 3.275625E-02 1.605981E-02 1.085125E-01
    67 8.000000E-04 3.146051E-02 -6.515729E-02 5.904404E-02
    68 8.000000E-04 4.105823E-02 8.375582E-03 5.230193E-02
    69 8.000000E-04 2.687135E-02 1.405836E-02 5.915466E-02
    70 8.000000E-04 3.343538E-02 1.551330E-02 5.752079E-02
    71 8.000000E-04 3.501059E-02 1.165222E-02 5.180003E-02
    72 8.000000E-04 2.932415E-02 1.314558E-02 5.195666E-02
    73 8.000000E-04 2.761801E-02 6.262241E-03 5.941107E-02
    74 8.000000E-04 3.610629E-02 3.243299E-03 5.951200E-02
    75 8.000000E-04 2.920258E-02 6.643143E-03 5.258972E-02
    76 8.000000E-04 3.714408E-02 5.510258E-03 5.200224E-02
    77 8.000000E-04 3.670709E-02 1.492543E-02 7.076541E-02
    78 8.000000E-04 1.471350E-02 2.364242E-03 4.436443E-02
    79 8.000000E-04 1.554398E-02 -2.661150E-03 4.794927E-02
    80 8.000000E-04 4.208727E-02 -2.370381E-02 6.534120E-02
    81 8.000000E-04 3.670663E-02 5.344101E-03 7.108727E-02
    82 8.000000E-04 2.458467E-02 5.103849E-02 5.599045E-02
    83 8.000000E-04 2.350934E-02 5.085814E-02 5.285458E-02
    84 8.000000E-04 4.176274E-02 -2.020644E-02 6.567954E-02
    85 8.000000E-04 1.459993E-02 3.863013E-02 4.429443E-02
    86 8.000000E-04 2.484985E-02 4.529084E-02 5.290963E-02
    87 8.000000E-04 2.661780E-02 2.417684E-02 5.922662E-02
    88 8.000000E-04 3.458787E-02 2.582626E-02 5.836881E-02
    89 8.000000E-04 3.206249E-02 2.334499E-02 5.375217E-02
    90 8.000000E-04 2.699385E-02 -3.938813E-03 6.805266E-02
    91 8.000000E-04 3.538773E-02 -5.327178E-03 7.979471E-02
    92 8.000000E-04 3.231736E-02 -1.520499E-02 8.062571E-02
    93 8.000000E-04 3.165212E-02 -2.162977E-02 7.705210E-02
    94 8.000000E-04 3.736200E-02 -1.967779E-02 6.543801E-02
    95 8.000000E-04 2.634671E-02 -5.374978E-03 7.817929E-02
    96 8.000000E-04 2.641589E-02 -2.406440E-02 7.833779E-02
    97 8.000000E-04 2.403789E-02 -2.438947E-02 7.014997E-02
    98 8.000000E-04 2.505057E-02 -1.619150E-02 7.909558E-02
    99 8.000000E-04 2.336024E-02 -3.504459E-02 6.909900E-02
   100 8.000000E-04 3.438336E-02 -3.957845E-03 6.093551E-02
   101 8.000000E-04 3.543542E-02 -1.923437E-02 6.267570E-02
   102 8.000000E-04 2.419576E-02 -8.038152E-03 6.237698E-02
   103 8.000000E-04 2.380542E-02 -1.434771E-02 1.097569E-01
   104 8.000000E-04 -2.934367E-02 -5.093008E-02 1.061633E-01
   105 8.000000E-04 -2.351236E-02 -5.174822E-02 1.025248E-01
   106 8.000000E-04 -1.360840E-02 -4.607815E-02 8.971399E-02
   107 8.000000E-04 -1.385098E-02 -4.643392E-02 9.886650E-02
   108 8.000000E-04 -1.487991E-02 -5.233595E-02 9.813729E-02
   109 8.000000E-04 -2.047837E-02 -5.547184E-02 8.642949E-02
   110 8.000000E-04 -1.312919E-02 -5.554015E-02 9.026568E-02
   111 8.000000E-04 1.006627E-03 -1.850977E-02 1.168493E-01
   112 8.000000E-04 -2.980117E-02 -5.115483E-02 1.001043E-01
   113 8.000000E-04 4.305326E-02 -2.770112E-02 6.210117E-02
   114 8.000000E-04 1.557818E-02 1.455160E-02 1.004811E-01
   115 8.000000E-04 6.067372E-03 1.347926E-02 9.952515E-02
   116 8.000000E-04 -4.490160E-03 1.348891E-02 1.005150E-01
   117 8.000000E-04 4.729901E-03 1.414979E-02 8.885601E-02
   118 8.000000E-04 -3.901726E-03 1.400297E-02 8.826229E-02
   119 8.000000E-04 1.704170E-02 4.109604E-03 9.016405E-02
   120 8.000000E-04 -2.378021E-03 4.901793E-03 1.007325E-01
   121 8.000000E-04 6.935365E-03 4.731678E-03 8.992303E-02
   122 8.000000E-04 2.602431E-02 3.283459E-02 5.854070E-02
   123 8.000000E-04 3.475530E-02 -6.595816E-03 4.742049E-02
   124 8.000000E-04 2.896467E-02 -1.045491E-02 4.555147E-02
   125 8.000000E-04 -1.678337E-02 9.096834E-03 1.442783E-02
   126 8.000000E-04 3.618226E-02 -2.646549E-02 5.929293E-02
   127 8.000000E-04 3.571193E-02 -3.582966E-02 5.893836E-02
   128 8.000000E-04 3.342923E-02 -1.677332E-02 4.547822E-02
   129 8.000000E-04 3.065960E-02 -1.063784E-02 4.230886E-02
   130 8.000000E-04 3.413212E-02 -1.024098E-02 4.255383E-02
   131 8.000000E-04 3.450417E-02 -2.531228E-02 4.354598E-02
   132 8.000000E-04 3.002976E-02 2.358158E-02 5.346968E-02
   133 8.000000E-04 3.613158E-02 -1.486817E-02 4.220124E-02
   134 8.000000E-04 2.537203E-02 -2.619732E-02 5.843813E-02
   135 8.000000E-04 1.910284E-02 -1.901373E-02 5.271963E-02
   136 8.000000E-04 2.642401E-02 -2.426846E-02 4.355860E-02
   137 8.000000E-04 2.429922E-02 -1.884116E-02 5.922339E-02
   138 8.000000E-04 2.670217E-02 -2.528557E-02 4.815732E-02
   139 8.000000E-04 1.928307E-02 -2.525495E-02 5.300010E-02
   140 8.000000E-04 3.272055E-02 -3.528200E-02 5.148205E-02
   141 8.000000E-04 2.585304E-02 -3.503597E-02 5.903288E-02
   142 8.000000E-04 -3.200083E-03 -6.333594E-02 8.864222E-02
   143 8.000000E-04 -6.977623E-03 -6.413571E-02 9.553345E-02
   144 8.000000E-04 -2.695251E-02 5.983510E-02 8.458354E-02
   145 8.000000E-04 4.573877E-03 -5.598844E-02 8.651078E-02
   146 8.000000E-04 -3.185240E-02 5.996861E-02 8.843844E-02
   147 8.000000E-04 2.485148E-02 -6.471135E-02 7.501747E-02
   148 8.000000E-04 -1.259107E-02 1.305684E-02 4.978132E-02
   149 8.000000E-04 -3.487508E-03 1.362321E-02 4.975988E-02
   150 8.000000E-04 6.260973E-03 1.303644E-02 5.153255E-02
   151 8.000000E-04 3.612771E-02 1.459771E-02 7.850180E-02
   152 8.000000E-04 1.501386E-02 3.333307E-03 4.850259E-02
   153 8.000000E-04 6.151010E-03 3.515394E-03 4.921259E-02
   154 8.000000E-04 2.273823E-03 -6.325135E-02 8.640873E-02
   155 8.000000E-04 -3.059306E-03 2.103718E-03 4.935914E-02
   156 8.000000E-04 -1.475496E-02 1.990361E-02 3.298860E-02
   157 8.000000E-04 -6.971963E-03 1.328888E-02 4.114459E-02
   158 8.000000E-04 -2.963667E-02 1.993222E-02 1.065386E-01
   159 8.000000E-04 -3.965100E-02 1.365799E-02 1.019606E-01
   160 8.000000E-04 -1.390008E-02 1.405007E-02 9.893207E-02
   161 8.000000E-04 -2.627472E-02 1.378872E-02 9.995982E-02
   162 8.000000E-04 -1.463488E-02 1.374330E-02 8.814939E-02
   163 8.000000E-04 -2.536473E-02 1.408480E-02 9.089361E-02
   164 8.000000E-04 -4.056722E-02 4.171120E-03 1.037529E-01
   165 8.000000E-04 -1.294393E-02 3.807959E-03 9.890359E-02
   166 8.000000E-04 -1.360153E-02 7.099033E-03 8.819990E-02
   167 8.000000E-04 -1.746285E-02 -1.872798E-03 7.014225E-02
   168 8.000000E-04 1.387249E-02 5.282830E-02 5.674300E-02
   169 8.000000E-04 6.547331E-03 5.496699E-02 5.086986E-02
   170 8.000000E-04 -5.755988E-03 3.637920E-02 8.100182E-02
   171 8.000000E-04 -2.410021E-02 -1.489862E-02 1.108370E-01
   172 8.000000E-04 4.128323E-02 -2.039227E-02 6.433023E-02
   173 8.000000E-04 1.695297E-02 3.687763E-02 5.091476E-02
   174 8.000000E-04 -2.938801E-02 4.352280E-02 4.929843E-02
   175 8.000000E-04 1.575392E-02 4.342976E-02 4.358875E-02
   176 8.000000E-04 8.796213E-03 4.678081E-02 5.023992E-02
   177 8.000000E-04 -2.918167E-02 -6.545911E-02 8.105455E-02
   178 8.000000E-04 -3.943606E-03 5.579755E-02 4.939503E-02
   179 8.000000E-04 -2.343193E-02 4.783151E-03 1.096559E-01
   180 8.000000E-04 5.287680E-03 2.479123E-02 5.006516E-02
   181 8.000000E-04 -6.960497E-03 4.336156E-02 4.692038E-02
   182 8.000000E-04 -1.639737E-03 -3.815542E-02 5.702786E-02
   183 8.000000E-04 6.852413E-03 -1.549367E-02 7.993433E-02
   184 8.000000E-04 -7.589438E-03 -6.469702E-02 3.375781E-02
   185 8.000000E-04 -4.017444E-03 3.599524E-02 3.772864E-02
   186 8.000000E-04 6.215318E-03 4.453570E-02 3.717249E-02
   187 8.000000E-04 2.345948E-02 3.636050E-02 5.363590E-02
   188 8.000000E-04 1.397868E-02 -6.543733E-03 6.253498E-02
   189 8.000000E-04 -4.402879E-03 2.307663E-02 4.747563E-02
   190 8.000000E-04 -2.997035E-03 -5.644626E-02 6.129652E-02
   191 8.000000E-04 1.720849E-02 -5.494894E-02 6.062371E-02
   192 8.000000E-04 -1.074253E-02 4.659226E-03 1.150001E-01
   193 8.000000E-04 -2.804007E-02 1.907328E-03 1.153309E-01
   194 8.000000E-04 -1.404669E-02 2.328567E-02 1.094229E-01
   195 8.000000E-04 -1.377700E-02 5.343247E-03 1.118831E-01
   196 8.000000E-04 -2.125917E-02 2.876763E-02 6.123943E-02
   197 8.000000E-04 1.425321E-02 4.281706E-02 6.882176E-02
   198 8.000000E-04 5.821595E-03 2.371150E-02 1.147760E-01
   199 8.000000E-04 -3.071558E-02 4.616647E-02 6.837534E-02
   200 8.000000E-04 -1.416746E-02 1.399318E-02 1.106521E-01
   201 8.000000E-04 2.541287E-02 -6.296216E-02 5.841131E-02
   202 8.000000E-04 -2.208391E-02 -1.463033E-02 1.160922E-01
   203 8.000000E-04 -4.397229E-03 3.626669E-02 9.040146E-02
   204 8.000000E-04 -4.449131E-03 3.588142E-02 9.905218E-02
   205 8.000000E-04 1.676204E-02 -1.726851E-02 9.084671E-02
   206 8.000000E-04 2.441412E-02 -6.339946E-02 6.877289E-02
   207 8.000000E-04 -1.473414E-02 1.452553E-02 5.988388E-02
   208 8.000000E-04 3.128752E-02 2.963513E-02 8.561318E-02
   209 8.000000E-04 6.341140E-03 -2.683713E-02 9.843208E-02
   210 8.000000E-04 7.107531E-03 4.577326E-02 7.045741E-02
   211 8.000000E-04 1.722475E-02 3.500834E-02 6.973994E-02
   212 8.000000E-04 1.658208E-02 -4.577324E-02 5.844658E-02
   213 8.000000E-04 -4.576348E-03 4.513838E-02 6.927726E-02
   214 8.000000E-04 1.691640E-02 2.636983E-02 8.098026E-02
   215 8.000000E-04 -6.307926E-03 3.407276E-02 4.934396E-02
   216 8.000000E-04 1.685734E-02 2.448565E-02 7.003715E-02
   217 8.000000E-04 1.339845E-02 -5.902880E-02 7.761393E-02
   218 8.000000E-04 6.261827E-03 2.680871E-02 6.922141E-02
   219 8.000000E-04 -5.250129E-03 2.572949E-02 6.892106E-02
   220 8.000000E-04 -2.822962E-03 -5.538811E-02 8.065713E-02
   221 8.000000E-04 -3.491244E-03 4.418911E-02 3.831432E-02
   222 8.000000E-04 -2.142150E-03 -3.518312E-02 8.789621E-02
   223 8.000000E-04 1.790206E-02 3.465727E-02 5.834698E-02
   224 8.000000E-04 2.837644E-02 -4.335397E-02 4.413407E-02
   225 8.000000E-04 -3.906947E-03 5.510476E-02 6.011852E-02
   226 8.000000E-04 5.581646E-03 2.443064E-02 5.974315E-02
   227 8.000000E-04 5.891818E-03 5.401752E-02 5.878503E-02
   228 8.000000E-04 -3.627879E-03 3.519131E-02 6.856142E-02
   229 8.000000E-04 -2.515780E-02 -1.422054E-02 9.885659E-02
   230 8.000000E-04 -4.046297E-02 1.127185E-02 1.061019E-01
   231 8.000000E-04 -6.551373E-03 3.340513E-02 3.440013E-02
   232 8.000000E-04 3.574457E-02 -2.396040E-02 6.544219E-02
   233 8.000000E-04 -1.520532E-02 8.293795E-03 8.545239E-04
   234 8.000000E-04 4.138153E-02 3.015813E-02 5.773402E-02
   235 8.000000E-04 7.037349E-03 4.543500E-02 6.022959E-02
   236 8.000000E-04 1.476736E-02 -6.062142E-03 7.944709E-02
   237 8.000000E-04 -6.244342E-03 4.526642E-02 6.036665E-02
   238 8.000000E-04 2.612703E-02 -3.534587E-02 5.008405E-02
   239 8.000000E-04 -2.424134E-02 -3.785496E-02 1.112394E-01
   240 8.000000E-04 -1.437203E-03 2.504483E-02 6.069753E-02
   241 8.000000E-04 -3.977221E-03 -5.566506E-02 7.061662E-02
   242 8.000000E-04 1.550280E-02 5.214658E-02 5.255420E-02
   243 8.000000E-04 -4.300407E-03 2.388297E-02 1.086477E-01
   244 8.000000E-04 1.639854E-02 -1.425387E-02 7.871557E-02
   245 8.000000E-04 -3.239160E-03 5.390765E-02 3.963619E-02
   246 8.000000E-04 -3.044451E-02 4.175044E-02 6.058382E-02
   247 8.000000E-04 -1.909390E-02 6.112502E-03 2.487168E-02
   248 8.000000E-04 -3.198800E-02 -5.625992E-03 1.007551E-01
   249 8.000000E-04 4.576110E-02 7.343027E-03 7.962919E-02
   250 8.000000E-04 5.048532E-03 -5.872046E-03 6.853074E-02
   251 8.000000E-04 -5.498853E-03 -1.382406E-02 4.960101E-02
   252 8.000000E-04 1.608534E-02 -3.594782E-02 7.039140E-02
   253 8.000000E-04 -4.389889E-03 -1.461354E-02 7.026567E-02
   254 8.000000E-04 6.058553E-03 -4.128465E-03 9.070012E-02
   255 8.000000E-04 2.473711E-02 4.451389E-02 5.623975E-02
   256 8.000000E-04 1.920116E-02 -1.813701E-02 5.704642E-02
   257 8.000000E-04 6.004253E-03 3.579319E-02 3.663234E-02
   258 8.000000E-04 -1.428352E-02 5.530549E-02 6.726924E-02
   259 8.000000E-04 2.407222E-02 -1.738226E-02 6.992093E-02
   260 8.000000E-04 -1.445928E-02 -3.754128E-02 8.841225E-02
   261 8.000000E-04 6.777839E-03 4.492565E-02 7.971155E-02
   262 8.000000E-04 -3.034215E-02 5.308150E-02 6.983897E-02
   263 8.000000E-04 -2.502356E-02 5.427581E-02 7.952709E-02
   264 8.000000E-04 -3.697466E-03 4.596234E-02 8.075137E-02
   265 8.000000E-04 -1.996007E-02 2.760438E-02 4.771907E-02
   266 8.000000E-04 -3.525620E-02 4.547871E-03 1.094728E-01
   267 8.000000E-04 -1.182098E-02 -3.899785E-02 1.150780E-01
   268 8.000000E-04 -3.111177E-02 6.029567E-02 8.221370E-02
   269 8.000000E-04 -5.841386E-03 -8.845767E-03 1.249415E-01
   270 8.000000E-04 -3.470448E-03 5.391023E-02 6.877777E-02
   271 8.000000E-04 -1.432669E-02 2.441923E-02 7.953117E-02
   272 8.000000E-04 -2.331994E-02 3.487741E-02 7.851972E-02
   273 8.000000E-04 -1.044305E-02 -8.005632E-03 1.253588E-01
   274 8.000000E-04 -4.736998E-03 -2.229052E-02 1.173085E-01
   275 8.000000E-04 -6.254511E-03 -6.216949E-02 3.519894E-02
   276 8.000000E-04 -3.175900E-02 2.083427E-03 1.152901E-01
   277 8.000000E-04 6.723757E-03 2.621698E-02 7.986871E-02
   278 8.000000E-04 -1.500819E-02 3.329500E-02 7.759106E-02
   279 8.000000E-04 4.125466E-02 -5.700442E-04 8.479104E-02
   280 8.000000E-04 1.511627E-03 -6.733615E-03 4.367349E-02
   281 8.000000E-04 -1.135988E-02 3.126389E-02 1.084676E-01
   282 8.000000E-04 1.262548E-02 4.281899E-02 7.876041E-02
   283 8.000000E-04 -1.889874E-03 6.494072E-02 7.593012E-02
   284 8.000000E-04 8.494531E-03 3.352862E-02 7.047035E-02
   285 8.000000E-04 -2.979526E-02 3.863827E-02 5.830951E-02
   286 8.000000E-04 5.627617E-03 -1.474081E-02 6.925786E-02
   287 8.000000E-04 -2.080501E-02 -6.092638E-02 5.421443E-02
   288 8.000000E-04 -2.306907E-02 3.424041E-02 5.988100E-02
   289 8.000000E-04 7.122959E-03 -4.489866E-02 8.703766E-02
   290 8.000000E-04 -1.496583E-02 -2.308165E-02 8.929869E-02
   291 8.000000E-04 -2.366353E-02 -3.560797E-02 8.880569E-02
   292 8.000000E-04 -1.429099E-02 2.401380E-02 6.945328E-02
   293 8.000000E-04 2.285079E-02 -6.155451E-02 4.246019E-02
   294 8.000000E-04 -2.400701E-02 -7.182121E-03 1.109770E-01
   295 8.000000E-04 -1.516699E-02 -4.324510E-02 1.100244E-01
   296 8.000000E-04 1.692405E-02 2.456562E-02 8.976481E-02
   297 8.000000E-04 -2.379801E-02 3.485164E-02 5.005972E-02
   298 8.000000E-04 5.717072E-03 -4.628420E-02 7.997373E-02
   299 8.000000E-04 -1.141847E-02 -2.482948E-02 7.699533E-02
   300 8.000000E-04 -3.633326E-03 -2.603922E-02 1.092447E-01
   301 8.000000E-04 -4.104075E-02 -5.021728E-03 1.096447E-01
   302 8.000000E-04 -1.203810E-02 -3.385210E-02 1.080662E-01
   303 8.000000E-04 1.337142E-02 2.540245E-02 1.071604E-01
   304 8.000000E-04 -9.945596E-03 -1.235925E-02 1.257243E-01
   305 8.000000E-04 2.099493E-02 -3.095977E-02 8.506103E-02
   306 8.000000E-04 -1.794208E-02 2.529474E-02 4.626495E-02
   307 8.000000E-04 -4.050159E-02 4.277657E-03 1.073523E-01
   308 8.000000E-04 4.251700E-03 1.356508E-02 6.143156E-02
   309 8.000000E-04 -3.153361E-02 -4.317737E-02 1.152610E-01
   310 8.000000E-04 -4.256889E-03 -3.826236E-02 5.059583E-02
   311 8.000000E-04 -3.104121E-02 3.499818E-02 7.393783E-02
   312 8.000000E-04 6.671026E-03 3.521545E-02 5.765107E-02
   313 8.000000E-04 -1.479229E-02 4.273085E-02 4.245909E-02
   314 8.000000E-04 4.702102E-03 -2.582192E-02 1.086153E-01
   315 8.000000E-04 1.498391E-02 -2.624474E-02 6.968715E-02
   316 8.000000E-04 1.535265E-02 -3.823800E-02 5.101489E-02
   317 8.000000E-04 -7.319676E-03 -1.157399E-02 1.256051E-01
   318 8.000000E-04 -2.362987E-02 -4.592960E-02 9.998618E-02
   319 8.000000E-04 -3.104761E-02 -3.901070E-02 1.153121E-01
   320 8.000000E-04 6.596091E-03 -5.506855E-03 7.732751E-02
   321 8.000000E-04 -6.322415E-03 -7.437046E-03 1.206244E-01
   322 8.000000E-04 -2.452904E-02 -2.260939E-03 6.895256E-02
   323 8.000000E-04 -2.545901E-02 4.381992E-02 6.069658E-02
   324 8.000000E-04 4.313454E-03 -3.516339E-02 1.079915E-01
   325 8.000000E-04 -2.122927E-02 1.289486E-02 6.252820E-02
   326 8.000000E-04 -2.384506E-02 -6.341786E-02 5.926828E-02
   327 8.000000E-04 -2.247976E-03 -6.189209E-02 5.336491E-02
   328 8.000000E-04 -3.218310E-02 -4.381647E-02 1.112948E-01
   329 8.000000E-04 6.937743E-03 1.159059E-02 6.590050E-02
   330 8.000000E-04 -3.199258E-03 -4.135876E-03 7.759855E-02
   331 8.000000E-04 -3.311989E-02 -7.694087E-03 1.156799E-01
   332 8.000000E-04 -2.528835E-02 3.596332E-02 8.984451E-02
   333 8.000000E-04 -1.561021E-02 3.655720E-02 4.701193E-02
   334 8.000000E-04 -2.385822E-02 -2.434352E-02 1.088734E-01
   335 8.000000E-04 4.784140E-03 -1.683305E-02 5.990942E-02
   336 8.000000E-04 -3.948765E-02 -7.267806E-03 1.151620E-01
   337 8.000000E-04 -7.444932E-03 -3.713358E-02 1.150474E-01
   338 8.000000E-04 -2.199383E-02 -4.607665E-02 6.235533E-02
   339 8.000000E-04 1.633715E-02 -2.800251E-02 8.174019E-02
   340 8.000000E-04 -3.986507E-02 -1.561462E-02 1.034319E-01
   341 8.000000E-04 -5.460578E-03 -1.600186E-02 1.004613E-01
   342 8.000000E-04 2.654274E-02 -3.391576E-02 4.403621E-02
   343 8.000000E-04 -1.245399E-02 2.126922E-02 6.203061E-02
   344 8.000000E-04 -2.790167E-02 -3.887363E-02 1.152453E-01
   345 8.000000E-04 -5.086279E-03 4.229520E-02 8.955691E-02
   346 8.000000E-04 -2.211652E-02 -4.703420E-02 8.749345E-02
   347 8.000000E-04 -3.302297E-02 -3.661503E-02 1.108487E-01
   348 8.000000E-04 -5.595763E-03 -2.475259E-02 7.686144E-02
   349 8.000000E-04 4.345895E-03 -5.188961E-02 3.848246E-02
   350 8.000000E-04 -1.996840E-03 -3.989328E-02 8.121042E-02
   351 8.000000E-04 -2.485976E-02 1.390879E-02 1.082157E-01
   352 8.000000E-04 -1.469184E-02 3.401660E-02 9.935691E-02
   353 8.000000E-04 1.359310E-02 2.334409E-02 5.322963E-02
   354 8.000000E-04 -7.276366E-03 -4.174610E-02 1.156171E-01
   355 8.000000E-04 1.342185E-02 -3.535967E-02 1.026146E-01
   356 8.000000E-04 -2.373009E-02 -5.437937E-02 7.160283E-02
   357 8.000000E-04 5.728221E-03 5.510297E-02 3.913555E-02
   358 8.000000E-04 -1.560807E-02 2.128936E-02 0.000000E+00
   359 8.000000E-04 1.519710E-02 -5.332174E-03 1.109239E-01
   360 8.000000E-04 -1.449768E-02 7.317759E-02 4.016249E-02
   361 8.000000E-04 1.649209E-02 4.471848E-02 5.823000E-02
   362 8.000000E-04 -2.279609E-02 2.413883E-02 6.982949E-02
   363 8.000000E-04 1.582056E-02 3.428218E-02 7.965038E-02
   364 8.000000E-04 -1.355528E-02 -7.302520E-03 1.175239E-01
   365 8.000000E-04 -2.261052E-02 5.529834E-02 6.020498E-02
   366 8.000000E-04 -2.272176E-02 -8.155798E-03 1.159694E-01
   367 8.000000E-04 -1.963366E-02 4.103923E-02 4.304691E-02
   368 8.000000E-04 3.558405E-02 1.490833E-02 8.897178E-02
   369 8.000000E-04 1.436536E-02 4.294504E-03 6.345347E-02
   370 8.000000E-04 -1.638211E-02 -4.168569E-02 1.153765E-01
   371 8.000000E-04 -4.428176E-03 -3.547035E-02 1.085527E-01
   372 8.000000E-04 -5.090646E-03 -4.677641E-02 8.928577E-02
   373 8.000000E-04 -1.752996E-02 -1.591866E-02 7.966640E-02
   374 8.000000E-04 -3.481742E-02 -1.548197E-02 1.085995E-01
   375 8.000000E-04 -4.857060E-03 -4.281383E-02 1.095402E-01
   376 8.000000E-04 -1.455004E-02 4.512686E-02 6.827017E-02
   377 8.000000E-04 -3.131343E-03 -5.480918E-02 5.209040E-02
   378 8.000000E-04 -5.212504E-03 -7.400145E-03 1.099278E-01
   379 8.000000E-04 -2.326200E-02 4.059225E-02 4.871987E-02
   380 8.000000E-04 7.518443E-03 -3.628575E-02 1.016786E-01
   381 8.000000E-04 -4.002721E-02 -1.313204E-02 1.067817E-01
   382 8.000000E-04 -1.934980E-02 -4.656205E-02 4.632689E-02
   383 8.000000E-04 1.519432E-02 -2.630923E-02 8.888782E-02
   384 8.000000E-04 3.676281E-02 3.081798E-02 5.851792E-02
   385 8.000000E-04 -3.194899E-02 5.577078E-02 8.766928E-02
   386 8.000000E-04 -1.318440E-02 5.498450E-02 4.849077E-02
   387 8.000000E-04 -3.072960E-02 3.526008E-02 7.841261E-02
   388 8.000000E-04 4.540814E-03 3.156700E-02 5.061974E-02
   389 8.000000E-04 -1.408869E-02 4.382510E-02 4.645365E-02
   390 8.000000E-04 4.284008E-02 6.248400E-03 7.223862E-02
   391 8.000000E-04 7.231496E-03 -6.398277E-03 6.060216E-02
   392 8.000000E-04 -2.447611E-02 -1.532549E-03 5.994112E-02
   393 8.000000E-04 2.271060E-03 5.035078E-02 8.143761E-02
   394 8.000000E-04 -1.204789E-02 6.276137E-02 3.050798E-02
   395 8.000000E-04 -2.151871E-02 7.154288E-02 4.901528E-02
   396 8.000000E-04 -2.783682E-03 5.239750E-02 3.253030E-02
   397 8.000000E-04 4.606929E-03 -5.133274E-02 3.427613E-02
   398 8.000000E-04 -3.332311E-03 -2.681891E-02 7.075400E-02
   399 8.000000E-04 -3.564879E-03 7.095780E-02 7.636801E-02
   400 8.000000E-04 -1.407620E-02 -1.382900E-02 5.986311E-02
   401 8.000000E-04 -1.281933E-02 -7.989110E-03 5.614409E-02
   402 8.000000E-04 -2.612497E-02 -4.430373E-02 1.095631E-01
   403 8.000000E-04 -1.516062E-02 -6.300418E-02 7.183518E-02
   404 8.000000E-04 -1.406771E-02 6.488213E-02 6.968566E-02
   405 8.000000E-04 4.892559E-03 -3.771703E-02 5.734211E-02
   406 8.000000E-04 -2.385212E-02 -4.257950E-02 1.153572E-01
   407 8.000000E-04 -1.436536E-02 -6.303965E-02 7.867079E-02
   408 8.000000E-04 1.339162E-02 -6.303859E-02 7.732650E-02
   409 8.000000E-04 1.515826E-02 -4.602771E-03 6.731581E-02
   410 8.000000E-04 -2.344736E-02 6.534609E-02 5.083158E-02
   411 8.000000E-04 2.288938E-02 -5.828147E-02 6.754693E-02
   412 8.000000E-04 -1.986409E-02 2.662458E-02 4.416193E-02
   413 8.000000E-04 1.675099E-02 -3.607709E-02 8.003238E-02
   414 8.000000E-04 -3.210023E-03 -1.646773E-02 7.939937E-02
   415 8.000000E-04 5.032737E-03 -2.695039E-02 6.989509E-02
   416 8.000000E-04 -1.654843E-02 1.345372E-02 6.747153E-02
   417 8.000000E-04 -2.470440E-02 6.716261E-02 4.148151E-02
   418 8.000000E-04 -2.440049E-03 -4.582682E-02 7.928727E-02
   419 8.000000E-04 -1.587320E-02 -1.754411E-02 6.704560E-02
   420 8.000000E-04 3.429011E-02 3.095660E-02 7.018071E-02
   421 8.000000E-04 5.889591E-03 -2.670405E-02 7.870697E-02
   422 8.000000E-04 -2.510321E-03 -3.606306E-02 6.896840E-02
   423 8.000000E-04 -2.911168E-02 -5.065808E-02 7.398273E-02
   424 8.000000E-04 4.099323E-02 -3.132977E-02 5.418443E-02
   425 8.000000E-04 2.008092E-02 1.644932E-02 6.294496E-02
   426 8.000000E-04 1.795480E-03 -4.256957E-02 1.011428E-01
   427 8.000000E-04 -1.930277E-02 -1.553786E-02 6.377920E-02
   428 8.000000E-04 -2.261714E-02 1.122609E-03 5.881725E-02
   429 8.000000E-04 1.567651E-02 -3.332600E-02 1.152793E-01
   430 8.000000E-04 -1.462888E-02 2.899223E-03 5.923215E-02
   431 8.000000E-04 4.148054E-02 -2.961136E-03 8.203431E-02
   432 8.000000E-04 -1.291354E-02 -1.521675E-02 1.118848E-01
   433 8.000000E-04 -3.201144E-03 -4.414684E-02 4.096141E-02
   434 8.000000E-04 1.668214E-02 -2.574466E-02 5.670490E-02
   435 8.000000E-04 -2.962291E-02 5.311133E-02 5.982908E-02
   436 8.000000E-04 2.943816E-02 -1.640905E-02 4.351350E-02
   437 8.000000E-04 -1.658748E-02 -3.424634E-02 8.379210E-02
   438 8.000000E-04 -1.325720E-02 4.556653E-02 6.111372E-02
   439 8.000000E-04 -2.365661E-02 -2.552970E-03 7.843813E-02
   440 8.000000E-04 -2.064667E-02 7.122674E-02 6.462648E-02
   441 8.000000E-04 -1.586541E-02 -2.185431E-03 7.762245E-02
   442 8.000000E-04 -1.157842E-02 -6.339507E-02 9.537992E-02
   443 8.000000E-04 -2.778580E-03 3.326336E-02 5.811783E-02
   444 8.000000E-04 1.512341E-02 2.479271E-02 6.047225E-02
   445 8.000000E-04 -5.060364E-03 5.209512E-02 7.970404E-02
   446 8.000000E-04 -1.145628E-02 2.596618E-02 8.694905E-02
   447 8.000000E-04 -2.605945E-02 4.573983E-03 9.974815E-02
   448 8.000000E-04 -2.336523E-02 3.501720E-02 7.140521E-02
   449 8.000000E-04 6.595368E-03 -4.521181E-02 5.837158E-02
   450 8.000000E-04 -9.846707E-03 -2.112477E-02 5.600610E-02
   451 8.000000E-04 -1.550312E-02 1.373394E-02 2.043082E-03
   452 8.000000E-04 -1.680522E-02 3.687128E-03 2.942327E-02
   453 8.000000E-04 -7.397587E-03 2.053238E-02 4.387711E-02
   454 8.000000E-04 -1.344398E-02 -2.523897E-02 7.299264E-02
   455 8.000000E-04 6.778245E-03 -4.663243E-02 7.181239E-02
   456 8.000000E-04 -1.929167E-02 9.106832E-03 9.095233E-04
   457 8.000000E-04 1.544173E-02 4.471439E-02 4.978518E-02
   458 8.000000E-04 -2.153611E-02 2.651010E-02 8.033696E-02
   459 8.000000E-04 3.353690E-02 -2.475693E-02 4.719575E-02
   460 8.000000E-04 -1.698564E-02 7.092411E-03 2.055483E-02
   461 8.000000E-04 -1.616795E-02 1.337741E-02 9.586732E-03
   462 8.000000E-04 3.792354E-03 4.339292E-02 3.146700E-02
   463 8.000000E-04 -1.352907E-02 -2.708548E-02 1.090312E-01
   464 8.000000E-04 2.155218E-03 -4.832607E-02 3.145170E-02
   465 8.000000E-04 -1.518602E-02 1.360243E-02 1.916392E-02
   466 8.000000E-04 1.655492E-02 -1.674353E-02 6.902372E-02
   467 8.000000E-04 6.587314E-03 -3.605102E-02 7.835502E-02
   468 8.000000E-04 -4.384773E-03 -5.880989E-03 4.804496E-02
   469 8.000000E-04 2.929417E-02 -4.155568E-02 6.475307E-02
   470 8.000000E-04 -1.665897E-02 3.336991E-02 6.104446E-02
   471 8.000000E-04 -2.214612E-02 -2.601392E-02 7.987383E-02
   472 8.000000E-04 1.642680E-02 -6.323837E-02 7.022838E-02
   473 8.000000E-04 2.542085E-02 -7.597768E-03 1.089081E-01
   474 8.000000E-04 -1.911961E-02 9.576143E-03 1.770369E-02
   475 8.000000E-04 -6.634992E-03 -8.139684E-03 6.045049E-02
   476 8.000000E-04 6.618082E-03 -3.720761E-02 8.875890E-02
   477 8.000000E-04 6.652799E-03 -3.610052E-02 6.870718E-02
   478 8.000000E-04 -4.571683E-03 7.114969E-02 4.838341E-02
   479 8.000000E-04 -1.604158E-02 -6.174770E-02 5.735372E-02
   480 8.000000E-04 2.719850E-02 3.597940E-03 9.956744E-02
   481 8.000000E-04 -1.591640E-02 6.379602E-02 7.488449E-02
   482 8.000000E-04 -4.044904E-03 -6.024952E-03 7.042513E-02
   483 8.000000E-04 1.503581E-02 -1.555212E-02 1.098623E-01
   484 8.000000E-04 -1.921529E-02 7.487070E-03 2.111264E-02
   485 8.000000E-04 -3.171408E-02 -2.233712E-02 1.076471E-01
   486 8.000000E-04 -2.190417E-02 -2.164102E-02 1.148700E-01
   487 8.000000E-04 3.708162E-03 -1.398614E-02 5.232553E-02
   488 8.000000E-04 -3.027702E-02 5.097639E-02 9.580081E-02
   489 8.000000E-04 1.038539E-02 -2.117396E-02 5.924652E-02
   490 8.000000E-04 3.881208E-03 -5.782235E-03 1.211989E-01
   491 8.000000E-04 -2.058479E-02 2.054376E-02 3.096857E-04
   492 8.000000E-04 6.852603E-03 3.078523E-02 1.077689E-01
   493 8.000000E-04 -1.412972E-02 5.361816E-02 6.110722E-02
   494 8.000000E-04 -5.794820E-03 7.099939E-02 4.092617E-02
   495 8.000000E-04 1.649713E-02 5.192862E-03 1.152681E-01
   496 8.000000E-04 -1.323082E-02 4.562412E-02 8.041458E-02
   497 8.000000E-04 -3.279019E-03 -5.598416E-02 3.773574E-02
   498 8.000000E-04 -6.314797E-03 2.171042E-02 8.118074E-02
   499 8.000000E-04 -1.987074E-02 -1.121438E-03 5.209096E-02
   500 8.000000E-04 -2.531139E-02 4.320021E-02 7.884194E-02
   501 8.000000E-04 7.080291E-03 2.590368E-02 1.091519E-01
   502 8.000000E-04 -3.099074E-02 4.448105E-02 8.199698E-02
   503 8.000000E-04 -1.995033E-02 2.439839E-05 5.203764E-02
   504 8.000000E-04 -1.933595E-03 -1.732316E-02 8.694959E-02
   505 8.000000E-04 1.340688E-02 -3.564724E-02 8.797016E-02
   506 8.000000E-04 -1.228572E-02 1.427266E-02 3.952965E-02
   507 8.000000E-04 -2.051757E-02 3.878872E-02 4.298356E-02
   508 8.000000E-04 2.706773E-02 -6.295316E-02 5.001867E-02
   509 8.000000E-04 1.196192E-02 5.032818E-02 6.635790E-02
   510 8.000000E-04 -2.345079E-02 4.450698E-02 6.885235E-02
   511 8.000000E-04 -1.344408E-02 5.337866E-02 8.029839E-02
   512 8.000000E-04 8.291056E-03 3.489003E-02 7.992100E-02
   513 8.000000E-04 1.966677E-02 -6.470625E-02 4.324259E-02
   514 8.000000E-04 1.115826E-02 5.934677E-02 5.224110E-02
   515 8.000000E-04 -2.517678E-02 5.300094E-02 6.825142E-02
   516 8.000000E-04 -3.168268E-02 5.536018E-02 8.163848E-02
   517 8.000000E-04 2.378798E-02 3.896912E-03 1.081654E-01
   518 8.000000E-04 -1.494076E-02 4.462008E-03 7.910175E-02
   519 8.000000E-04 -1.361026E-02 1.484959E-02 2.928814E-02
   520 8.000000E-04 -1.548052E-02 4.635735E-03 7.123857E-02
   521 8.000000E-04 -1.467917E-02 1.357087E-02 7.881459E-02
   522 8.000000E-04 1.244728E-02 -4.892455E-02 4.069005E-02
   523 8.000000E-04 -2.090430E-02 1.256765E-02 7.752312E-02
   524 8.000000E-04 -2.998428E-03 6.667066E-03 8.890977E-02
   525 8.000000E-04 8.649464E-03 -6.399016E-02 4.871490E-02
   526 8.000000E-04 -7.618279E-03 -6.433590E-04 4.179915E-02
   527 8.000000E-04 3.091024E-03 -6.388821E-02 3.821562E-02
   528 8.000000E-04 -6.096394E-03 5.210590E-03 6.203906E-02
   529 8.000000E-04 6.858007E-03 -6.337303E-02 6.004830E-02
   530 8.000000E-04 1.585079E-02 -6.315615E-02 6.026849E-02
   531 8.000000E-04 -6.420920E-03 1.476004E-02 8.060965E-02
   532 8.000000E-04 2.551505E-02 -4.501518E-02 5.844195E-02
   533 8.000000E-04 -1.445027E-02 3.364258E-02 7.000470E-02
   534 8.000000E-04 -2.505526E-02 -2.534765E-02 9.038880E-02
   535 8.000000E-04 -1.378619E-02 -5.414940E-03 4.916811E-02
   536 8.000000E-04 -1.498134E-02 -2.332206E-03 4.106418E-02
   537 8.000000E-04 -1.509788E-02 -5.759570E-02 5.361490E-02
   538 8.000000E-04 -1.587340E-02 -5.666659E-02 5.950039E-02
   539 8.000000E-04 -4.380519E-03 -1.627098E-02 1.097839E-01
   540 8.000000E-04 -2.270677E-02 -5.718594E-02 5.932838E-02
   541 8.000000E-04 -3.290843E-02 -1.347181E-02 1.150494E-01
   542 8.000000E-04 -2.429429E-02 2.064823E-02 1.068849E-01
   543 8.000000E-04 -5.698433E-03 -1.487819E-02 1.188310E-01
   544 8.000000E-04 -2.094596E-02 -6.016209E-02 5.425729E-02
   545 8.000000E-04 4.711646E-03 3.859513E-02 3.270798E-02
   546 8.000000E-04 -2.044843E-02 1.473684E-02 1.122024E-03
   547 8.000000E-04 -1.202195E-02 5.817461E-02 3.148516E-02
   548 8.000000E-04 -2.613685E-02 2.397193E-02 9.935037E-02
   549 8.000000E-04 -1.545793E-02 -4.559724E-02 4.726266E-02
   550 8.000000E-04 -1.691619E-02 -4.518074E-02 4.407429E-02
   551 8.000000E-04 -5.289009E-03 4.619999E-03 1.115317E-01
   552 8.000000E-04 6.459960E-03 4.775822E-03 1.085672E-01
   553 8.000000E-04 2.502774E-02 3.263648E-02 7.073953E-02
   554 8.000000E-04 1.417743E-02 -1.985972E-03 1.151043E-01
   555 8.000000E-04 -4.673403E-03 1.539174E-02 1.101786E-01
   556 8.000000E-04 2.643511E-02 -4.652383E-02 4.969038E-02
   557 8.000000E-04 -1.445613E-02 3.734784E-02 4.243255E-02
   558 8.000000E-04 -2.396576E-02 -2.623295E-02 1.013033E-01
   559 8.000000E-04 1.948285E-02 -6.393560E-02 5.206887E-02
   560 8.000000E-04 5.084835E-03 4.086492E-03 1.008226E-01
   561 8.000000E-04 -1.469980E-02 1.480969E-02 1.146474E-01
   562 8.000000E-04 -2.138708E-02 1.238073E-02 6.992980E-02
   563 8.000000E-04 -2.546771E-02 -6.368128E-02 7.354519E-02
   564 8.000000E-04 1.581354E-02 -4.477332E-02 5.090678E-02
   565 8.000000E-04 6.304662E-03 1.401777E-02 1.181867E-01
   566 8.000000E-04 7.055688E-03 1.393492E-02 1.089670E-01
   567 8.000000E-04 -3.698005E-03 1.255282E-02 5.813493E-02
   568 8.000000E-04 7.199759E-03 -1.450564E-02 9.737791E-02
   569 8.000000E-04 4.579762E-03 3.999738E-03 6.664735E-02
   570 8.000000E-04 -2.974350E-02 1.659996E-02 9.203073E-02
   571 8.000000E-04 -3.759120E-03 4.292412E-03 6.972090E-02
   572 8.000000E-04 -5.303885E-03 6.379243E-03 7.813370E-02
   573 8.000000E-04 6.823413E-03 2.687498E-03 8.153440E-02
   574 8.000000E-04 3.613740E-02 1.672994E-02 1.002079E-01
   575 8.000000E-04 1.662155E-02 2.584191E-03 6.765513E-02
   576 8.000000E-04 1.762851E-02 5.120001E-03 7.973133E-02
   577 8.000000E-04 -2.567827E-02 -7.406579E-03 9.856136E-02
   578 8.000000E-04 -4.354317E-03 1.180705E-02 6.929287E-02
   579 8.000000E-04 -1.951110E-02 -1.838051E-02 6.862903E-02
   580 8.000000E-04 1.641143E-02 1.462185E-02 6.945143E-02
   581 8.000000E-04 -2.217162E-02 -1.422342E-02 7.991393E-02
   582 8.000000E-04 1.508785E-02 1.379058E-02 7.953572E-02
   583 8.000000E-04 9.557302E-03 1.507721E-02 8.034286E-02
   584 8.000000E-04 -1.420050E-02 -3.577690E-02 1.009303E-01
   585 8.000000E-04 2.587867E-02 4.848927E-03 7.927505E-02
   586 8.000000E-04 -1.374587E-02 6.377229E-02 5.932055E-02
   587 8.000000E-04 -2.327069E-02 6.264073E-02 5.943041E-02
   588 8.000000E-04 4.215277E-02 -3.149929E-02 6.080856E-02
   589 8.000000E-04 -3.044391E-02 -4.607483E-02 1.007601E-01
   590 8.000000E-04 1.848340E-02 1.577888E-02 8.952174E-02
   591 8.000000E-04 -2.467600E-02 -1.680677E-02 9.013776E-02
   592 8.000000E-04 -2.159671E-02 7.252718E-02 6.159641E-02
   593 8.000000E-04 -1.641238E-02 7.154223E-02 6.040531E-02
   594 8.000000E-04 -2.637156E-02 6.080484E-02 8.113952E-02
   595 8.000000E-04 -2.287561E-02 6.274418E-02 6.758059E-02
   596 8.000000E-04 -1.276608E-02 7.026301E-02 6.707974E-02
   597 8.000000E-04 5.706028E-03 5.332857E-02 6.802423E-02
   598 8.000000E-04 -1.268648E-02 6.512073E-02 3.955414E-02
   599 8.000000E-04 -2.306912E-02 7.216053E-02 4.005132E-02
   600 8.000000E-04 -2.714580E-02 -2.545805E-03 8.990884E-02
   601 8.000000E-04 -2.046686E-02 5.069788E-02 4.288162E-02
   602 8.000000E-04 3.222059E-02 -6.250526E-02 4.780666E-02
   603 8.000000E-04 2.564309E-02 5.706519E-03 8.934550E-02
   604 8.000000E-04 -1.456246E-02 6.572026E-02 4.963210E-02
   605 8.000000E-04 -6.214198E-03 2.650726E-03 1.153018E-01
   606 8.000000E-04 -2.401786E-02 5.555444E-02 5.331339E-02
   607 8.000000E-04 1.670275E-02 -3.729935E-02 5.779670E-02
   608 8.000000E-04 -3.993481E-03 -1.400252E-02 6.018585E-02
   609 8.000000E-04 -2.982253E-02 7.031672E-02 4.123567E-02
   610 8.000000E-04 -1.348874E-02 7.236440E-02 4.697667E-02
   611 8.000000E-04 -5.235186E-03 6.978201E-02 3.294702E-02
   612 8.000000E-04 6.467122E-03 -3.775978E-02 5.183523E-02
   613 8.000000E-04 -4.001195E-03 -6.957726E-03 1.008119E-01
   614 8.000000E-04 -7.215492E-03 -3.335136E-03 4.255627E-02
   615 8.000000E-04 -1.087582E-02 -1.416115E-02 5.061206E-02
   616 8.000000E-04 -1.198583E-02 5.356050E-02 4.199110E-02
   617 8.000000E-04 -1.906167E-02 1.341683E-02 4.477828E-03
   618 8.000000E-04 -4.540287E-03 -3.630831E-02 1.001290E-01
   619 8.000000E-04 3.906421E-03 -4.374316E-03 4.996989E-02
   620 8.000000E-04 -1.958094E-02 -2.265528E-02 7.290741E-02
   621 8.000000E-04 -1.412980E-02 3.498866E-02 9.000209E-02
   622 8.000000E-04 -1.062771E-02 -2.123864E-02 5.203537E-02
   623 8.000000E-04 -2.024828E-03 -6.364448E-02 7.714305E-02
   624 8.000000E-04 7.981537E-03 -1.624420E-02 9.240829E-02
   625 8.000000E-04 5.535786E-03 -6.361501E-02 7.735058E-02
   626 8.000000E-04 6.069806E-03 -6.306823E-02 7.127417E-02
   627 8.000000E-04 -8.240040E-03 -2.108533E-02 5.343999E-02
   628 8.000000E-04 6.205220E-03 -5.180989E-02 5.018305E-02
   629 8.000000E-04 -1.907917E-02 -4.717808E-02 4.407193E-02
   630 8.000000E-04 -3.039900E-02 -3.770576E-02 1.016906E-01
   631 8.000000E-04 -8.776707E-03 -2.095977E-02 5.453110E-02
   632 8.000000E-04 -2.977041E-02 6.762768E-02 4.167605E-02
   633 8.000000E-04 8.178810E-03 -5.603803E-02 6.061810E-02
   634 8.000000E-04 -3.124499E-03 -3.742201E-02 3.918546E-02
   635 8.000000E-04 4.148281E-02 -3.187271E-03 8.505734E-02
   636 8.000000E-04 -1.441783E-02 -1.467437E-02 1.168318E-01
   637 8.000000E-04 -4.724806E-03 -4.488720E-02 4.951288E-02
   638 8.000000E-04 -2.331722E-03 -6.271197E-02 7.134136E-02
   639 8.000000E-04 -1.209356E-02 -3.725696E-02 4.601503E-02
   640 8.000000E-04 1.387532E-02 1.318020E-02 1.087036E-01
   641 8.000000E-04 6.047469E-03 -4.644651E-02 5.146109E-02
   642 8.000000E-04 1.634661E-02 5.912721E-03 1.091718E-01
   643 8.000000E-04 -1.349190E-02 4.517779E-02 9.009883E-02
   644 8.000000E-04 -2.957721E-03 -6.260696E-02 5.795042E-02
   645 8.000000E-04 -1.342337E-02 -3.809474E-02 4.428110E-02
   646 8.000000E-04 1.598555E-03 -3.897777E-02 4.185240E-02
   647 8.000000E-04 -4.374298E-03 -4.091375E-03 8.816330E-02
   648 8.000000E-04 -1.338236E-02 -2.381599E-02 1.163739E-01
   649 8.000000E-04 1.247620E-02 1.725871E-02 1.155245E-01
   650 8.000000E-04 4.001152E-03 -4.706772E-02 3.952627E-02
   651 8.000000E-04 1.525128E-02 5.954034E-03 9.992697E-02
   652 8.000000E-04 -1.357793E-02 4.353633E-02 9.813105E-02
   653 8.000000E-04 1.469509E-02 2.467170E-02 9.996039E-02
   654 8.000000E-04 -8.352348E-04 -4.871448E-02 3.209558E-02
   655 8.000000E-04 -1.512949E-02 1.342848E-03 4.851833E-02
   656 8.000000E-04 1.330412E-02 -5.272393E-02 3.939473E-02
   657 8.000000E-04 -2.251101E-02 5.028974E-03 6.815510E-02
   658 8.000000E-04 1.649181E-02 -5.395904E-02 5.144980E-02
   659 8.000000E-04 -4.085974E-02 -2.560996E-03 1.039932E-01
   660 8.000000E-04 -1.474435E-02 -4.453748E-02 6.242330E-02
   661 8.000000E-04 4.969659E-03 5.313799E-02 3.068104E-02
   662 8.000000E-04 -2.412491E-02 -5.494053E-02 7.781335E-02
   663 8.000000E-04 5.028901E-03 4.227005E-02 9.045998E-02
   664 8.000000E-04 4.155657E-02 -3.017811E-02 5.432610E-02
   665 8.000000E-04 5.590947E-03 -1.603483E-02 1.091717E-01
   666 8.000000E-04 -2.924501E-02 -5.248638E-02 7.378409E-02
   667 8.000000E-04 -1.416375E-02 -5.616130E-02 8.018070E-02
   668 8.000000E-04 -3.504811E-02 1.525075E-02 1.018374E-01
   669 8.000000E-04 2.953167E-03 6.941387E-02 3.745605E-02
   670 8.000000E-04 -1.373296E-02 -5.657112E-02 6.905699E-02
   671 8.000000E-04 -2.946956E-02 -5.447043E-02 7.603076E-02
   672 8.000000E-04 1.460053E-02 -2.604437E-02 1.071188E-01
   673 8.000000E-04 5.169597E-03 6.423655E-02 3.912551E-02
   674 8.000000E-04 -2.244183E-02 -4.872767E-02 6.848017E-02
   675 8.000000E-04 -3.784827E-03 6.495154E-02 6.863203E-02
   676 8.000000E-04 -3.080689E-02 -1.753550E-02 9.202808E-02
   677 8.000000E-04 -1.543812E-02 -4.697404E-02 6.788505E-02
   678 8.000000E-04 -1.554987E-02 -4.744009E-02 8.169092E-02
   679 8.000000E-04 2.923909E-02 -3.110046E-02 9.645000E-02
   680 8.000000E-04 -1.559205E-02 2.199927E-02 4.004736E-02
   681 8.000000E-04 -2.281267E-02 -3.523809E-02 1.003018E-01
   682 8.000000E-04 -1.971265E-02 7.971955E-03 9.025323E-02
   683 8.000000E-04 -3.090441E-02 -2.760467E-02 9.974507E-02
   684 8.000000E-04 -2.633873E-02 2.334049E-02 9.146636E-02
   685 8.000000E-04 -3.445728E-02 -1.681608E-02 1.026920E-01
   686 8.000000E-04 -3.399995E-03 -4.402654E-02 5.667533E-02
   687 8.000000E-04 -1.564166E-02 -1.584660E-02 8.836412E-02
   688 8.000000E-04 -2.282609E-02 4.765006E-03 7.721564E-02
   689 8.000000E-04 -2.958508E-02 -2.326548E-02 9.053474E-02
   690 8.000000E-04 -3.876485E-03 -4.706457E-02 7.211495E-02
   691 8.000000E-04 -1.641557E-02 -1.753453E-02 1.000469E-01
   692 8.000000E-04 -1.493367E-02 -2.667400E-02 1.022751E-01
   693 8.000000E-04 -1.278547E-03 4.667107E-02 3.178153E-02
   694 8.000000E-04 -1.681568E-02 -6.970504E-03 9.953258E-02
   695 8.000000E-04 -1.742491E-02 -9.226300E-03 9.279509E-02
   696 8.000000E-04 -2.710167E-02 -5.135635E-02 1.051680E-01
   697 8.000000E-04 -1.584105E-02 7.108672E-04 3.940226E-02
   698 8.000000E-04 3.168272E-03 6.396993E-02 5.648539E-02
   699 8.000000E-04 2.340120E-02 -5.966385E-02 4.287008E-02
   700 8.000000E-04 -3.520713E-03 6.445807E-02 5.950210E-02
   701 8.000000E-04 1.732083E-03 7.031343E-02 5.478185E-02
   702 8.000000E-04 2.928828E-03 -4.448060E-04 1.199827E-01
   703 8.000000E-04 1.129962E-02 5.779906E-02 4.242113E-02
   704 8.000000E-04 -4.815447E-03 6.993220E-02 6.025593E-02
   705 8.000000E-04 1.468098E-03 6.563790E-02 7.600827E-02
   706 8.000000E-04 1.356627E-03 6.699926E-02 7.192210E-02
   707 8.000000E-04 -4.895011E-03 7.024191E-02 7.009651E-02
   708 8.000000E-04 1.356333E-03 6.953292E-02 7.325979E-02
   709 8.000000E-04 1.093293E-03 6.936341E-02 7.467107E-02
   710 8.000000E-04 -2.969139E-02 6.129705E-02 6.043281E-02
   711 8.000000E-04 4.934846E-03 -5.481987E-02 7.897926E-02
   712 8.000000E-04 7.378072E-03 -6.922218E-03 1.101186E-01
   713 8.000000E-04 -3.573793E-03 6.594997E-02 3.839740E-02
   714 8.000000E-04 6.123549E-03 -7.536371E-03 9.887797E-02
   715 8.000000E-04 -4.451172E-03 6.582079E-02 3.260783E-02
   716 8.000000E-04 -2.289308E-02 -4.856887E-02 7.962996E-02
   717 8.000000E-04 4.507595E-03 6.220115E-02 3.365740E-02
   718 8.000000E-04 4.129511E-03 6.415141E-02 5.021534E-02
   719 8.000000E-04 -3.863258E-03 6.591148E-02 5.003183E-02
   720 8.000000E-04 2.786651E-03 7.051171E-02 5.152213E-02
   721 8.000000E-04 -4.466601E-03 -2.530261E-02 9.044594E-02
   722 8.000000E-04 -5.625427E-03 -2.588523E-02 9.938939E-02
   723 8.000000E-04 8.702472E-03 -2.578418E-02 9.015751E-02
   724 8.000000E-04 1.373787E-02 -1.754019E-02 9.685533E-02
   725 8.000000E-04 1.498709E-02 -2.631385E-02 9.947343E-02
   726 8.000000E-04 2.959068E-02 2.956918E-02 8.541082E-02
   727 8.000000E-04 1.387517E-02 -4.525564E-03 9.729808E-02
   728 8.000000E-04 2.700402E-02 3.129555E-02 7.787297E-02
   729 8.000000E-04 1.602839E-02 -5.570922E-03 9.199348E-02
   730 8.000000E-04 1.484103E-02 -3.392807E-02 1.091184E-01
   731 8.000000E-04 2.201504E-02 -3.403609E-02 7.799947E-02
   732 8.000000E-04 -2.100939E-02 -3.360866E-02 8.214249E-02
   733 8.000000E-04 -1.469979E-02 2.531710E-02 9.978491E-02
   734 8.000000E-04 -6.645143E-03 5.357954E-02 8.498272E-02
   735 8.000000E-04 -2.399101E-02 -6.356278E-02 7.854347E-02
   736 8.000000E-04 -3.133570E-02 2.352282E-02 9.048914E-02
   737 8.000000E-04 -3.301593E-02 3.455708E-02 8.960646E-02
   738 8.000000E-04 -3.424057E-02 5.149931E-03 1.023287E-01
   739 8.000000E-04 -2.441235E-02 4.437843E-02 8.919198E-02
   740 8.000000E-04 -3.513862E-02 -6.256183E-03 1.103203E-01
   741 8.000000E-04 -2.412577E-02 3.290319E-02 9.911471E-02
   742 8.000000E-04 -3.415763E-02 3.429976E-02 9.847994E-02
   743 8.000000E-04 -3.215706E-02 4.318993E-02 8.938729E-02
   744 8.000000E-04 7.411449E-03 2.505433E-02 1.006125E-01
   745 8.000000E-04 -2.395980E-02 4.398247E-02 9.727469E-02
   746 8.000000E-04 5.681190E-03 6.721472E-03 6.251068E-02
   747 8.000000E-04 -3.070463E-02 4.262311E-02 9.655644E-02
   748 8.000000E-04 7.178389E-03 2.509154E-02 8.880794E-02
   749 8.000000E-04 -3.394245E-02 1.267395E-02 1.072166E-01
   750 8.000000E-04 -2.388346E-02 5.017265E-02 9.719169E-02
   751 8.000000E-04 2.836795E-02 -1.581886E-02 4.653481E-02
   752 8.000000E-04 -1.357537E-02 -3.833501E-02 6.661687E-02
   753 8.000000E-04 -2.340353E-02 5.365949E-02 8.813226E-02
   754 8.000000E-04 -1.142615E-02 -4.065446E-02 6.094832E-02
   755 8.000000E-04 6.522606E-03 -5.643926E-02 7.080626E-02
   756 8.000000E-04 1.609561E-02 -5.618792E-02 6.878716E-02
   757 8.000000E-04 -2.318936E-02 -6.298610E-02 8.706885E-02
   758 8.000000E-04 -3.296095E-02 2.230745E-02 9.867602E-02
   759 8.000000E-04 1.364746E-02 -4.731401E-02 7.102036E-02
   760 8.000000E-04 1.519902E-02 -4.234804E-02 7.920046E-02
   761 8.000000E-04 -5.125151E-03 2.595242E-02 9.977350E-02
   762 8.000000E-04 -5.220425E-03 2.551079E-02 8.683378E-02
   763 8.000000E-04 -4.246704E-03 4.091914E-02 9.766313E-02
   764 8.000000E-04 3.904734E-03 4.166199E-02 9.764892E-02
   765 8.000000E-04 -1.633712E-02 5.258387E-02 8.679759E-02
   766 8.000000E-04 7.141040E-03 3.422872E-02 8.986641E-02
   767 8.000000E-04 7.527626E-03 3.490448E-02 9.839235E-02
   768 8.000000E-04 -1.262005E-02 -6.341141E-02 5.111500E-02
   769 8.000000E-04 -5.386303E-03 3.096099E-02 1.067397E-01
   770 8.000000E-04 -1.399956E-02 -6.115305E-03 1.119987E-01
   771 8.000000E-04 1.407066E-02 3.193282E-02 8.910437E-02
   772 8.000000E-04 1.225431E-02 3.258130E-02 9.714293E-02
   773 8.000000E-04 1.251102E-02 3.948470E-02 8.490321E-02
   774 8.000000E-04 4.129600E-02 -1.480057E-02 4.019698E-02
   775 8.000000E-04 1.126368E-02 2.940638E-02 1.062093E-01
   776 8.000000E-04 -1.274900E-02 -6.354054E-02 8.991167E-02
