   618 -4.025033E-02 4.983238E-02 0.000000E+00 1.261043E-01
     1 8.000000E-04 2.029578E-02 -7.297886E-03 1.147696E-01
     2 8.000000E-04 -5.052523E-03 -5.038949E-02 1.042496E-01
     3 8.000000E-04 4.096808E-02 -6.232887E-03 8.427327E-02
     4 8.000000E-04 6.889779E-03 5.274202E-02 2.641937E-02
     5 8.000000E-04 -9.807523E-03 6.044202E-02 2.651137E-02
     6 8.000000E-04 3.882408E-02 6.340420E-03 4.854467E-02
     7 8.000000E-04 1.708501E-02 3.003564E-02 9.392550E-02
     8 8.000000E-04 3.027999E-02 2.809081E-02 8.420358E-02
     9 8.000000E-04 4.101860E-02 2.815184E-02 7.324362E-02
    10 8.000000E-04 3.245637E-02 3.029227E-02 7.549589E-02
    11 8.000000E-04 1.717258E-02 3.949052E-02 7.122497E-02
    12 8.000000E-04 2.072564E-02 2.881965E-02 8.407257E-02
    13 8.000000E-04 2.168614E-02 3.157754E-02 7.544647E-02
    14 8.000000E-04 4.114242E-02 2.897919E-02 6.601856E-02
    15 8.000000E-04 4.057676E-02 2.936383E-02 5.757476E-02
    16 8.000000E-04 1.862040E-02 4.080358E-02 6.502003E-02
    17 8.000000E-04 2.154262E-02 3.203348E-02 6.632153E-02
    18 8.000000E-04 4.012981E-02 2.624421E-02 5.781690E-02
    19 8.000000E-04 2.231897E-02 2.054082E-02 1.052642E-01
    20 8.000000E-04 4.025107E-02 1.477980E-02 9.975094E-02
    21 8.000000E-04 3.456343E-02 1.943886E-02 9.891056E-02
    22 8.000000E-04 2.840408E-02 -2.991886E-03 1.039916E-01
    23 8.000000E-04 2.217909E-02 -1.311390E-03 9.855257E-02
    24 8.000000E-04 2.223219E-02 1.044508E-02 9.864182E-02
    25 8.000000E-04 1.731165E-02 -4.011666E-02 8.253844E-02
    26 8.000000E-04 1.870770E-02 -5.925412E-02 7.258490E-02
    27 8.000000E-04 3.948229E-02 -3.960193E-02 6.009005E-02
    28 8.000000E-04 3.917624E-02 -3.956071E-02 5.909169E-02
    29 8.000000E-04 2.929457E-02 -5.992881E-02 6.062345E-02
    30 8.000000E-04 2.154719E-02 -4.585396E-02 6.138433E-02
    31 8.000000E-04 2.064974E-02 -5.684471E-02 6.449231E-02
    32 8.000000E-04 3.071349E-02 -1.462359E-02 9.469454E-02
    33 8.000000E-04 3.900458E-02 -1.968969E-02 8.903327E-02
    34 8.000000E-04 3.296185E-02 -2.251312E-02 9.684550E-02
    35 8.000000E-04 2.331951E-02 -1.078013E-02 9.925087E-02
    36 8.000000E-04 2.979561E-02 -5.636260E-02 5.232679E-02
    37 8.000000E-04 2.507828E-02 -5.783779E-02 4.695809E-02
    38 8.000000E-04 4.450432E-02 1.341112E-02 8.581184E-02
    39 8.000000E-04 4.152150E-02 2.033125E-02 7.653212E-02
    40 8.000000E-04 4.223996E-02 2.145906E-02 6.857940E-02
    41 8.000000E-04 3.204107E-02 2.290505E-02 8.687568E-02
    42 8.000000E-04 3.485181E-02 2.310377E-02 7.716018E-02
    43 8.000000E-04 4.321558E-02 1.252805E-02 6.944808E-02
    44 8.000000E-04 4.070092E-02 -2.672656E-03 8.427456E-02
    45 8.000000E-04 4.361450E-02 9.933663E-03 7.566354E-02
    46 8.000000E-04 4.107125E-02 1.795447E-03 7.446406E-02
    47 8.000000E-04 3.427748E-02 7.988741E-04 7.696940E-02
    48 8.000000E-04 3.377276E-02 1.026322E-02 7.595559E-02
    49 8.000000E-04 2.269161E-02 1.062891E-02 8.827575E-02
    50 8.000000E-04 -2.128057E-02 6.527205E-02 5.320508E-02
    51 8.000000E-04 -2.834699E-02 5.617064E-02 5.625538E-02
    52 8.000000E-04 3.771579E-03 1.200317E-02 1.187922E-01
    53 8.000000E-04 -1.365634E-02 1.610140E-02 2.203056E-02
    54 8.000000E-04 -1.116827E-02 1.158509E-02 9.900306E-02
    55 8.000000E-04 -9.002381E-04 -1.275432E-03 7.445070E-02
    56 8.000000E-04 -1.145667E-02 -6.301360E-02 5.337640E-02
    57 8.000000E-04 -7.808258E-03 -1.037755E-03 6.520468E-02
    58 8.000000E-04 -1.196008E-02 1.020423E-02 7.770276E-02
    59 8.000000E-04 -8.349010E-03 -4.328673E-02 5.198206E-02
    60 8.000000E-04 2.839676E-02 -9.795657E-03 1.086149E-01
    61 8.000000E-04 7.640445E-03 3.550557E-02 3.626693E-02
    62 8.000000E-04 1.048453E-02 -6.378507E-02 7.487776E-02
    63 8.000000E-04 3.943136E-02 -7.515765E-03 8.011933E-02
    64 8.000000E-04 1.178123E-02 4.400170E-02 4.437585E-02
    65 8.000000E-04 3.401723E-02 -3.303083E-02 5.561903E-02
    66 8.000000E-04 2.170359E-02 -1.138713E-02 6.475867E-02
    67 8.000000E-04 1.483597E-03 -6.426031E-02 3.653108E-02
    68 8.000000E-04 1.338327E-02 -1.125424E-02 9.072207E-02
    69 8.000000E-04 -6.356640E-03 4.466559E-02 3.687837E-02
    70 8.000000E-04 -5.300856E-03 -6.024724E-02 3.602359E-02
    71 8.000000E-04 1.063676E-03 4.409685E-02 4.012518E-02
    72 8.000000E-04 -7.130524E-04 2.066978E-02 4.731405E-02
    73 8.000000E-04 -1.432121E-02 1.853095E-02 3.217282E-02
    74 8.000000E-04 -1.229596E-02 9.802719E-03 8.615821E-02
    75 8.000000E-04 -2.137446E-02 1.055354E-02 1.085533E-01
    76 8.000000E-04 1.009299E-02 3.298736E-02 4.553968E-02
    77 8.000000E-04 -1.141955E-02 3.346690E-02 9.836013E-02
    78 8.000000E-04 -8.872229E-03 6.380622E-03 1.148422E-01
    79 8.000000E-04 3.461414E-03 -6.518306E-02 3.976605E-02
    80 8.000000E-04 1.330136E-02 3.370859E-02 7.668825E-02
    81 8.000000E-04 2.341210E-02 -3.362453E-02 5.352855E-02
    82 8.000000E-04 -2.995018E-02 4.428753E-02 6.537230E-02
    83 8.000000E-04 1.092940E-02 4.283232E-02 7.584974E-02
    84 8.000000E-04 9.807150E-03 4.145482E-02 8.459254E-02
    85 8.000000E-04 2.219807E-04 4.359879E-02 8.571450E-02
    86 8.000000E-04 -2.010573E-02 -1.077776E-02 1.160011E-01
    87 8.000000E-04 6.489861E-03 6.358452E-02 5.223155E-02
    88 8.000000E-04 1.075037E-03 3.305278E-02 8.850936E-02
    89 8.000000E-04 2.513628E-03 3.314799E-02 7.648753E-02
    90 8.000000E-04 -7.975695E-04 -5.598433E-02 8.504512E-02
    91 8.000000E-04 2.690754E-02 -1.314802E-02 4.564739E-02
    92 8.000000E-04 3.553148E-02 -3.417870E-02 6.109070E-02
    93 8.000000E-04 3.974358E-02 7.393867E-03 5.169774E-02
    94 8.000000E-04 1.742847E-03 4.723061E-02 5.735760E-02
    95 8.000000E-04 -1.176094E-02 1.743548E-02 5.642746E-02
    96 8.000000E-04 1.169857E-02 -2.171490E-02 9.621926E-02
    97 8.000000E-04 -3.198069E-04 3.185610E-02 6.421272E-02
    98 8.000000E-04 1.228115E-03 -5.590596E-02 7.565910E-02
    99 8.000000E-04 9.156703E-04 3.234543E-02 5.458981E-02
   100 8.000000E-04 9.876584E-04 -5.705733E-02 6.558613E-02
   101 8.000000E-04 1.634973E-03 2.128740E-02 5.365114E-02
   102 8.000000E-04 7.090932E-03 -1.280607E-02 5.301770E-02
   103 8.000000E-04 1.183545E-02 2.222646E-02 6.350439E-02
   104 8.000000E-04 -5.485119E-04 2.165275E-02 1.081371E-01
   105 8.000000E-04 1.113612E-02 -1.112192E-02 6.562030E-02
   106 8.000000E-04 2.222659E-02 -6.332758E-02 4.515701E-02
   107 8.000000E-04 -3.379812E-02 1.197772E-02 1.009449E-01
   108 8.000000E-04 -1.061421E-02 2.101762E-02 1.097651E-01
   109 8.000000E-04 1.079999E-02 -2.134004E-02 6.657520E-02
   110 8.000000E-04 -1.711258E-02 2.756612E-02 1.058662E-01
   111 8.000000E-04 -1.050684E-02 -1.086981E-02 5.236373E-02
   112 8.000000E-04 -2.879712E-02 4.205835E-02 4.822652E-02
   113 8.000000E-04 5.761253E-04 2.127537E-02 8.726211E-02
   114 8.000000E-04 2.218537E-02 -6.373198E-02 6.723008E-02
   115 8.000000E-04 -2.022707E-02 4.212803E-02 5.328249E-02
   116 8.000000E-04 1.008739E-02 -4.398542E-02 8.575011E-02
   117 8.000000E-04 -1.232984E-02 -2.154363E-02 8.798940E-02
   118 8.000000E-04 -2.339509E-02 -4.400260E-03 1.154067E-01
   119 8.000000E-04 -3.469787E-02 5.037182E-04 1.099970E-01
   120 8.000000E-04 -7.810107E-03 -4.202717E-02 1.154912E-01
   121 8.000000E-04 -1.049824E-02 3.309152E-02 8.713452E-02
   122 8.000000E-04 -1.346371E-03 6.646842E-02 7.451393E-02
   123 8.000000E-04 1.230502E-02 2.302050E-02 8.774281E-02
   124 8.000000E-04 -2.782643E-02 3.300683E-02 5.175839E-02
   125 8.000000E-04 -1.636052E-02 -7.121303E-03 4.641754E-02
   126 8.000000E-04 2.218876E-02 -3.454368E-02 6.566044E-02
   127 8.000000E-04 6.607745E-05 -1.096712E-02 6.605360E-02
   128 8.000000E-04 1.079761E-02 -4.941527E-05 8.769560E-02
   129 8.000000E-04 1.319059E-02 2.054577E-02 7.404720E-02
   130 8.000000E-04 -3.998985E-02 8.614028E-03 1.058486E-01
   131 8.000000E-04 2.039880E-03 2.348240E-02 6.209600E-02
   132 8.000000E-04 1.148791E-02 -1.107475E-02 1.103218E-01
   133 8.000000E-04 1.304284E-02 4.517878E-02 5.325057E-02
   134 8.000000E-04 -3.096031E-02 4.299533E-02 8.654821E-02
   135 8.000000E-04 -1.073575E-02 -1.723418E-03 5.269213E-02
   136 8.000000E-04 -1.895741E-02 -1.924881E-02 1.158234E-01
   137 8.000000E-04 -1.011992E-02 4.563654E-02 5.563180E-02
   138 8.000000E-04 1.169794E-02 -9.828867E-04 9.725775E-02
   139 8.000000E-04 -1.186798E-02 2.216226E-02 6.602977E-02
   140 8.000000E-04 1.106919E-02 -2.214896E-02 1.081951E-01
   141 8.000000E-04 -8.758677E-03 -3.154696E-02 1.157073E-01
   142 8.000000E-04 -1.676604E-03 -2.179081E-02 8.756305E-02
   143 8.000000E-04 1.065557E-02 -5.302532E-02 4.491321E-02
   144 8.000000E-04 -1.429589E-02 1.269528E-02 1.043121E-02
   145 8.000000E-04 4.171594E-02 -2.504130E-02 6.302513E-02
   146 8.000000E-04 -3.083175E-02 -1.728293E-04 1.154769E-01
   147 8.000000E-04 -2.204555E-02 6.340670E-05 1.104137E-01
   148 8.000000E-04 -7.595342E-03 -4.255210E-02 1.090619E-01
   149 8.000000E-04 -2.047159E-02 7.258419E-02 3.686235E-02
   150 8.000000E-04 -5.712374E-04 1.141099E-03 1.096993E-01
   151 8.000000E-04 1.123191E-02 -3.617487E-02 5.372079E-02
   152 8.000000E-04 3.939772E-02 2.873347E-03 5.449183E-02
   153 8.000000E-04 4.015307E-02 -3.200272E-02 5.648131E-02
   154 8.000000E-04 -2.097122E-02 4.430285E-02 8.777089E-02
   155 8.000000E-04 -1.761501E-02 1.228948E-02 1.036293E-02
   156 8.000000E-04 9.908404E-04 -6.366842E-02 5.704387E-02
   157 8.000000E-04 -3.067045E-02 -4.261178E-02 1.152856E-01
   158 8.000000E-04 -9.240356E-03 -2.627735E-03 1.171722E-01
   159 8.000000E-04 1.114576E-02 -1.067721E-02 7.820220E-02
   160 8.000000E-04 -2.177124E-02 -6.367863E-02 5.732160E-02
   161 8.000000E-04 -1.739372E-02 1.613633E-03 3.185230E-02
   162 8.000000E-04 3.186235E-02 -1.278012E-02 8.657824E-02
   163 8.000000E-04 -1.170612E-03 -9.912034E-04 1.178619E-01
   164 8.000000E-04 -4.853634E-03 -4.223116E-02 1.152285E-01
   165 8.000000E-04 -6.603165E-03 -6.402157E-02 3.420949E-02
   166 8.000000E-04 3.072554E-02 -9.323668E-04 9.873117E-02
   167 8.000000E-04 -1.811275E-02 2.439739E-02 4.467763E-02
   168 8.000000E-04 -1.122086E-02 -1.987680E-02 1.164490E-01
   169 8.000000E-04 2.245552E-02 -2.217561E-02 9.439806E-02
   170 8.000000E-04 -1.928393E-02 -4.750977E-02 5.329513E-02
   171 8.000000E-04 3.240000E-02 -4.316742E-02 5.472657E-02
   172 8.000000E-04 -1.133209E-02 4.284026E-02 4.408197E-02
   173 8.000000E-04 -2.176923E-02 -2.279696E-02 1.094007E-01
   174 8.000000E-04 2.278321E-02 -6.378182E-02 5.528757E-02
   175 8.000000E-04 6.543779E-03 -3.875649E-02 4.783667E-02
   176 8.000000E-04 -2.821360E-02 1.259339E-02 9.200877E-02
   177 8.000000E-04 -7.840332E-03 3.279062E-02 3.609922E-02
   178 8.000000E-04 -2.737355E-02 3.195417E-02 4.845012E-02
   179 8.000000E-04 -2.127209E-02 3.349574E-02 7.442345E-02
   180 8.000000E-04 -4.025033E-02 -9.937481E-04 1.083413E-01
   181 8.000000E-04 -3.195681E-02 3.340114E-02 8.783625E-02
   182 8.000000E-04 -1.017109E-02 -4.503883E-02 4.544300E-02
   183 8.000000E-04 -1.208678E-02 3.384815E-03 8.339367E-02
   184 8.000000E-04 -2.390340E-02 -4.385200E-02 1.097717E-01
   185 8.000000E-04 3.123420E-02 -5.808364E-02 4.748284E-02
   186 8.000000E-04 -2.908712E-02 -1.559316E-02 9.137088E-02
   187 8.000000E-04 -1.960069E-03 -4.224448E-02 1.084062E-01
   188 8.000000E-04 1.236339E-02 1.015887E-02 1.085123E-01
   189 8.000000E-04 2.204361E-03 2.187392E-02 9.938753E-02
   190 8.000000E-04 2.164017E-02 -6.464992E-02 7.294506E-02
   191 8.000000E-04 1.235764E-02 -3.390199E-02 8.694003E-02
   192 8.000000E-04 3.979685E-04 8.578540E-06 4.965282E-02
   193 8.000000E-04 4.002749E-02 2.437395E-03 6.357204E-02
   194 8.000000E-04 2.842277E-04 -1.889803E-03 8.643288E-02
   195 8.000000E-04 1.109114E-02 1.217886E-02 1.163313E-01
   196 8.000000E-04 -1.259848E-02 -6.586431E-02 4.795760E-02
   197 8.000000E-04 -2.862682E-02 -6.614879E-02 8.171297E-02
   198 8.000000E-04 1.013058E-02 5.369365E-02 5.368126E-02
   199 8.000000E-04 3.349218E-02 -1.476958E-05 8.569438E-02
   200 8.000000E-04 -1.859403E-02 2.647805E-02 4.946392E-02
   201 8.000000E-04 1.960632E-02 -2.097479E-02 1.074510E-01
   202 8.000000E-04 -3.975559E-02 -1.104556E-02 1.080254E-01
   203 8.000000E-04 -1.173252E-02 7.200975E-04 7.614413E-02
   204 8.000000E-04 -2.748582E-02 -3.251994E-03 6.562434E-02
   205 8.000000E-04 1.058269E-02 3.247662E-02 9.728486E-02
   206 8.000000E-04 -5.167444E-04 -2.287124E-02 1.086138E-01
   207 8.000000E-04 1.143333E-02 3.426362E-02 5.475288E-02
   208 8.000000E-04 1.020655E-03 6.585121E-02 5.272621E-02
   209 8.000000E-04 3.117252E-02 -4.286500E-02 6.151211E-02
   210 8.000000E-04 -2.246730E-02 -2.289658E-02 9.845225E-02
   211 8.000000E-04 -1.050953E-02 4.477991E-02 7.744901E-02
   212 8.000000E-04 1.999685E-03 -1.323180E-02 5.252499E-02
   213 8.000000E-04 1.043220E-02 -3.138544E-03 7.832703E-02
   214 8.000000E-04 -2.300447E-02 3.344790E-02 5.199086E-02
   215 8.000000E-04 -1.396721E-02 1.872169E-02 0.000000E+00
   216 8.000000E-04 -1.248491E-02 1.339177E-02 3.246889E-02
   217 8.000000E-04 7.755346E-03 2.352381E-02 4.773018E-02
   218 8.000000E-04 2.372417E-02 -2.998791E-02 9.590505E-02
   219 8.000000E-04 2.032280E-03 -1.035847E-02 1.005756E-01
   220 8.000000E-04 3.296590E-04 -1.781986E-02 5.194682E-02
   221 8.000000E-04 1.092442E-02 -5.286977E-02 5.536122E-02
   222 8.000000E-04 -1.363518E-02 1.111429E-02 1.546732E-03
   223 8.000000E-04 1.130807E-02 1.070962E-02 6.584678E-02
   224 8.000000E-04 2.099514E-03 4.392948E-02 3.296808E-02
   225 8.000000E-04 9.047779E-03 2.893327E-02 1.080596E-01
   226 8.000000E-04 -2.738082E-02 1.190685E-03 7.643726E-02
   227 8.000000E-04 -2.909119E-02 5.031956E-02 9.479837E-02
   228 8.000000E-04 1.227486E-02 4.418552E-02 6.597663E-02
   229 8.000000E-04 -2.883079E-02 4.194726E-02 7.637094E-02
   230 8.000000E-04 -2.154020E-02 5.606641E-02 5.616658E-02
   231 8.000000E-04 1.179281E-02 -3.290018E-02 1.072964E-01
   232 8.000000E-04 -1.708847E-02 -1.232314E-03 4.318817E-02
   233 8.000000E-04 -3.158690E-02 -9.649437E-03 1.157001E-01
   234 8.000000E-04 9.801572E-03 -6.412033E-02 5.543906E-02
   235 8.000000E-04 1.502721E-03 1.026211E-02 9.814889E-02
   236 8.000000E-04 -2.165749E-02 -1.092954E-02 1.111381E-01
   237 8.000000E-04 7.466796E-04 4.589408E-02 7.690738E-02
   238 8.000000E-04 -1.405252E-02 -5.731369E-02 5.637578E-02
   239 8.000000E-04 -2.216962E-02 3.308368E-02 6.557201E-02
   240 8.000000E-04 -1.007822E-02 -3.267839E-02 1.081453E-01
   241 8.000000E-04 -2.818190E-02 -6.598372E-02 7.917543E-02
   242 8.000000E-04 2.000381E-02 -9.737854E-04 1.097619E-01
   243 8.000000E-04 -1.980265E-02 1.996706E-02 1.076408E-01
   244 8.000000E-04 -3.879370E-02 -8.348744E-03 1.152773E-01
   245 8.000000E-04 3.824231E-03 2.903797E-02 4.708882E-02
   246 8.000000E-04 -8.576596E-03 -2.494311E-02 7.639354E-02
   247 8.000000E-04 1.096189E-02 -4.523119E-02 7.546818E-02
   248 8.000000E-04 -1.883730E-02 1.195450E-02 1.862557E-03
   249 8.000000E-04 2.223904E-02 5.057510E-02 5.373380E-02
   250 8.000000E-04 -2.316190E-02 3.355590E-02 8.739737E-02
   251 8.000000E-04 8.052324E-03 4.297389E-02 3.511028E-02
   252 8.000000E-04 -8.615322E-03 6.555867E-02 3.342883E-02
   253 8.000000E-04 -1.921260E-02 1.847688E-02 6.219974E-04
   254 8.000000E-04 1.344612E-02 1.320174E-02 7.756979E-02
   255 8.000000E-04 -1.117233E-02 -6.377827E-02 8.820425E-02
   256 8.000000E-04 2.815586E-02 5.018780E-02 5.564275E-02
   257 8.000000E-04 -1.678245E-02 -1.103637E-02 5.500179E-02
   258 8.000000E-04 2.412118E-02 2.302540E-02 5.761636E-02
   259 8.000000E-04 -1.165690E-02 1.025170E-02 1.111027E-01
   260 8.000000E-04 -1.591086E-02 1.602653E-02 5.846397E-03
   261 8.000000E-04 8.564221E-04 -1.258563E-02 1.094153E-01
   262 8.000000E-04 -1.092829E-02 3.421483E-02 4.583929E-02
   263 8.000000E-04 -2.047246E-02 -3.187347E-02 1.073245E-01
   264 8.000000E-04 -2.991416E-02 -1.736952E-02 1.149496E-01
   265 8.000000E-04 -1.778993E-02 8.165872E-03 2.010172E-02
   266 8.000000E-04 -3.047308E-02 5.536859E-02 7.847339E-02
   267 8.000000E-04 -3.008315E-02 -1.164599E-03 9.931849E-02
   268 8.000000E-04 -2.512308E-03 -1.411713E-02 8.421497E-02
   269 8.000000E-04 1.959707E-02 -3.163316E-02 8.399815E-02
   270 8.000000E-04 -1.480252E-02 1.649042E-02 1.147696E-01
   271 8.000000E-04 2.885136E-02 -6.305248E-02 6.297712E-02
   272 8.000000E-04 1.328308E-03 4.498388E-02 6.577029E-02
   273 8.000000E-04 -2.301715E-02 4.224186E-02 7.620211E-02
   274 8.000000E-04 9.088331E-04 2.239293E-02 7.545784E-02
   275 8.000000E-04 -2.928082E-02 2.859872E-02 1.038796E-01
   276 8.000000E-04 1.826035E-02 -4.125175E-02 7.741943E-02
   277 8.000000E-04 -1.664752E-02 -6.288779E-02 9.298627E-02
   278 8.000000E-04 3.994433E-02 -2.483685E-02 5.831747E-02
   279 8.000000E-04 -1.427043E-02 1.208692E-02 2.107580E-02
   280 8.000000E-04 -2.491059E-03 -2.050046E-02 1.168668E-01
   281 8.000000E-04 -2.854311E-02 4.115075E-02 5.574277E-02
   282 8.000000E-04 -1.558290E-02 3.885635E-03 2.457818E-02
   283 8.000000E-04 3.124845E-02 -2.997377E-02 9.582103E-02
   284 8.000000E-04 -1.023408E-02 3.267658E-02 5.668240E-02
   285 8.000000E-04 -2.049354E-02 -3.080631E-02 7.930895E-02
   286 8.000000E-04 -1.723490E-02 5.579405E-03 2.762895E-02
   287 8.000000E-04 -2.876306E-02 5.273351E-02 6.632579E-02
   288 8.000000E-04 -1.891010E-04 -1.104401E-02 7.449769E-02
   289 8.000000E-04 1.997875E-02 -3.470535E-02 7.730700E-02
   290 8.000000E-04 -2.161426E-02 4.436958E-02 6.621867E-02
   291 8.000000E-04 9.964570E-03 -3.940715E-02 1.004413E-01
   292 8.000000E-04 -8.813369E-03 -2.327870E-02 9.918222E-02
   293 8.000000E-04 1.236088E-02 3.261733E-02 6.678935E-02
   294 8.000000E-04 3.041066E-02 -4.554435E-02 4.668680E-02
   295 8.000000E-04 -1.360604E-03 6.423983E-02 6.447522E-02
   296 8.000000E-04 -2.300388E-02 -2.276969E-02 8.882881E-02
   297 8.000000E-04 -1.166411E-02 4.491743E-02 6.475791E-02
   298 8.000000E-04 4.983238E-02 1.171042E-02 7.571297E-02
   299 8.000000E-04 1.046332E-02 -1.168385E-03 6.564851E-02
   300 8.000000E-04 -2.256536E-03 -9.545964E-03 4.704114E-02
   301 8.000000E-04 -9.382289E-03 -1.927419E-02 5.419436E-02
   302 8.000000E-04 -2.240578E-02 -6.280014E-02 6.103158E-02
   303 8.000000E-04 -2.110918E-02 2.337144E-02 6.887288E-02
   304 8.000000E-04 -1.251613E-02 2.102999E-02 7.549063E-02
   305 8.000000E-04 1.030978E-02 -2.266907E-02 7.684117E-02
   306 8.000000E-04 -9.736494E-03 2.257047E-02 8.427503E-02
   307 8.000000E-04 1.163432E-02 2.317722E-02 1.076512E-01
   308 8.000000E-04 -2.259861E-02 -4.875792E-02 7.485962E-02
   309 8.000000E-04 -2.985937E-02 3.399945E-02 7.583099E-02
   310 8.000000E-04 1.267453E-02 1.683202E-02 1.152581E-01
   311 8.000000E-04 -2.153774E-02 -4.477139E-02 8.590852E-02
   312 8.000000E-04 -2.494396E-02 -1.616635E-03 8.613062E-02
   313 8.000000E-04 -2.774892E-02 3.756110E-02 7.005487E-02
   314 8.000000E-04 1.141185E-02 1.079356E-02 8.631479E-02
   315 8.000000E-04 -2.115241E-02 -4.326062E-02 1.154990E-01
   316 8.000000E-04 -1.246461E-02 -6.375308E-02 7.628053E-02
   317 8.000000E-04 -5.315380E-03 7.132961E-02 7.489297E-02
   318 8.000000E-04 -1.812686E-02 -1.508976E-02 6.239482E-02
   319 8.000000E-04 2.244800E-02 2.239287E-02 6.517400E-02
   320 8.000000E-04 2.446078E-02 -4.553544E-02 4.701651E-02
   321 8.000000E-04 -2.328456E-02 2.242651E-02 8.856399E-02
   322 8.000000E-04 1.074069E-02 -3.327212E-02 6.709815E-02
   323 8.000000E-04 9.397236E-03 2.295613E-02 5.568324E-02
   324 8.000000E-04 -2.871554E-02 6.098485E-02 8.079193E-02
   325 8.000000E-04 1.362829E-02 -2.399464E-02 5.742875E-02
   326 8.000000E-04 -1.147197E-02 2.200833E-02 9.795620E-02
   327 8.000000E-04 1.203040E-02 3.199752E-02 8.689981E-02
   328 8.000000E-04 -4.642523E-03 -6.907885E-03 1.260579E-01
   329 8.000000E-04 -2.077464E-02 -5.721988E-02 5.601981E-02
   330 8.000000E-04 2.453423E-02 -3.262523E-02 4.624728E-02
   331 8.000000E-04 -1.889134E-02 -1.884231E-02 6.734847E-02
   332 8.000000E-04 -1.042133E-02 4.439104E-02 8.713972E-02
   333 8.000000E-04 1.352617E-02 1.243299E-03 4.669500E-02
   334 8.000000E-04 2.579094E-04 -3.725294E-02 5.405365E-02
   335 8.000000E-04 -8.306149E-03 -1.182252E-02 6.177847E-02
   336 8.000000E-04 1.189160E-02 1.013828E-03 5.110734E-02
   337 8.000000E-04 -1.989743E-02 -2.357040E-02 7.671691E-02
   338 8.000000E-04 -1.148433E-02 4.234502E-02 9.653292E-02
   339 8.000000E-04 -1.189257E-02 1.082578E-02 6.370600E-02
   340 8.000000E-04 -1.030160E-02 -1.031787E-02 1.190905E-01
   341 8.000000E-04 -8.008984E-04 -4.359976E-02 4.307382E-02
   342 8.000000E-04 -1.987764E-02 1.134508E-02 6.433018E-02
   343 8.000000E-04 -1.499484E-02 1.291180E-03 3.244966E-02
   344 8.000000E-04 9.390175E-04 1.252369E-02 5.280023E-02
   345 8.000000E-04 -1.010539E-02 -9.402523E-03 4.633400E-02
   346 8.000000E-04 -1.182474E-02 1.224022E-02 5.329760E-02
   347 8.000000E-04 1.111368E-03 -4.799889E-02 3.283806E-02
   348 8.000000E-04 -1.005694E-02 -2.157342E-02 1.102475E-01
   349 8.000000E-04 3.289789E-03 3.471329E-02 3.567386E-02
   350 8.000000E-04 -3.694754E-03 1.177278E-02 4.549213E-02
   351 8.000000E-04 9.012508E-03 -6.564131E-02 4.473588E-02
   352 8.000000E-04 1.181659E-02 -2.505214E-02 8.853169E-02
   353 8.000000E-04 8.448686E-05 -4.583854E-02 7.737244E-02
   354 8.000000E-04 -1.057185E-02 -1.162905E-02 1.114401E-01
   355 8.000000E-04 2.117761E-03 -3.174600E-02 7.415442E-02
   356 8.000000E-04 8.149443E-03 1.154056E-02 5.178480E-02
   357 8.000000E-04 2.246999E-03 4.570804E-04 6.634351E-02
   358 8.000000E-04 1.094745E-02 -3.444022E-02 1.008176E-01
   359 8.000000E-04 -1.176169E-02 -6.267132E-02 6.746364E-02
   360 8.000000E-04 1.161389E-02 -3.406286E-02 7.600432E-02
   361 8.000000E-04 2.189199E-02 -4.525616E-02 5.425668E-02
   362 8.000000E-04 -2.288688E-02 -6.416074E-02 7.724835E-02
   363 8.000000E-04 -1.955351E-02 2.214305E-02 7.679705E-02
   364 8.000000E-04 -3.253771E-02 -3.625554E-02 1.103465E-01
   365 8.000000E-04 -1.752308E-02 -4.607737E-02 4.624295E-02
   366 8.000000E-04 -2.250001E-02 -8.937646E-04 6.596644E-02
   367 8.000000E-04 -1.189313E-02 7.257819E-02 3.710091E-02
   368 8.000000E-04 -9.825987E-03 2.997870E-02 1.076325E-01
   369 8.000000E-04 -2.303580E-02 -3.253071E-02 8.844895E-02
   370 8.000000E-04 -7.180321E-03 -3.151387E-02 6.856870E-02
   371 8.000000E-04 -2.076646E-02 3.416256E-02 4.670783E-02
   372 8.000000E-04 -2.020120E-02 7.192369E-02 5.124282E-02
   373 8.000000E-04 -1.572208E-03 -4.453434E-02 9.982568E-02
   374 8.000000E-04 -1.393630E-02 -1.412146E-02 8.767212E-02
   375 8.000000E-04 -1.265789E-03 1.076717E-02 1.087225E-01
   376 8.000000E-04 -2.006613E-02 7.263513E-02 4.267926E-02
   377 8.000000E-04 6.156837E-04 -4.553070E-02 8.452947E-02
   378 8.000000E-04 -7.464778E-03 -1.077985E-02 7.437329E-02
   379 8.000000E-04 -7.263445E-05 -3.190183E-02 6.818197E-02
   380 8.000000E-04 2.019703E-03 5.570654E-02 5.424513E-02
   381 8.000000E-04 -2.859623E-02 6.139007E-02 6.155939E-02
   382 8.000000E-04 -2.463455E-02 2.201322E-02 9.818967E-02
   383 8.000000E-04 2.274457E-02 -2.166722E-02 6.552499E-02
   384 8.000000E-04 -2.114307E-02 6.495221E-02 6.306695E-02
   385 8.000000E-04 -2.821577E-02 6.136016E-02 5.826007E-02
   386 8.000000E-04 2.065656E-02 -2.304787E-02 5.472971E-02
   387 8.000000E-04 -1.085336E-02 5.506266E-02 6.385400E-02
   388 8.000000E-04 -1.010880E-02 5.564019E-02 5.436386E-02
   389 8.000000E-04 -1.052837E-02 6.608175E-02 6.571516E-02
   390 8.000000E-04 -1.031887E-02 6.536487E-02 5.367567E-02
   391 8.000000E-04 -2.028883E-02 7.286210E-02 6.158153E-02
   392 8.000000E-04 2.001250E-02 2.138975E-02 9.557675E-02
   393 8.000000E-04 -3.142841E-02 -4.300096E-02 1.108616E-01
   394 8.000000E-04 -2.344174E-02 -1.202816E-02 9.757348E-02
   395 8.000000E-04 3.271646E-02 9.304320E-03 8.672114E-02
   396 8.000000E-04 -1.393277E-02 7.154334E-02 6.259453E-02
   397 8.000000E-04 3.276433E-02 1.301693E-02 9.861972E-02
   398 8.000000E-04 -1.470380E-02 7.166362E-02 5.553836E-02
   399 8.000000E-04 -1.989992E-02 6.313393E-02 7.454364E-02
   400 8.000000E-04 -1.763407E-02 3.781221E-03 2.372178E-02
   401 8.000000E-04 -2.334921E-02 5.371850E-02 7.688086E-02
   402 8.000000E-04 -2.548916E-02 6.053647E-02 8.276306E-02
   403 8.000000E-04 -1.979673E-02 -6.263811E-04 5.384342E-02
   404 8.000000E-04 -2.157332E-02 5.333446E-02 8.612446E-02
   405 8.000000E-04 1.112618E-02 6.405365E-03 4.713786E-02
   406 8.000000E-04 -3.100106E-02 5.572088E-02 8.575213E-02
   407 8.000000E-04 -9.587710E-03 2.084422E-02 4.329593E-02
   408 8.000000E-04 -1.830544E-02 4.135692E-02 4.508862E-02
   409 8.000000E-04 3.042244E-02 -6.294202E-02 5.330635E-02
   410 8.000000E-04 3.167194E-02 -6.324516E-02 4.678995E-02
   411 8.000000E-04 -2.754252E-02 -2.773028E-03 9.027687E-02
   412 8.000000E-04 -2.994358E-02 6.033616E-02 8.423799E-02
   413 8.000000E-04 2.559822E-02 -2.301553E-02 4.620753E-02
   414 8.000000E-04 -1.220552E-02 6.423073E-02 7.290690E-02
   415 8.000000E-04 -1.053257E-02 5.248812E-02 8.340986E-02
   416 8.000000E-04 1.488967E-03 -5.270484E-02 4.129711E-02
   417 8.000000E-04 -1.047621E-02 5.287805E-02 7.811480E-02
   418 8.000000E-04 2.213669E-03 -5.345315E-02 5.244256E-02
   419 8.000000E-04 6.418202E-04 5.436599E-02 6.495045E-02
   420 8.000000E-04 -9.485472E-03 5.803422E-02 3.206261E-02
   421 8.000000E-04 -1.737490E-02 5.885661E-02 3.286765E-02
   422 8.000000E-04 3.913019E-02 1.920005E-02 1.049440E-01
   423 8.000000E-04 2.327643E-02 1.064218E-02 7.700033E-02
   424 8.000000E-04 -2.057561E-02 6.805721E-02 3.658289E-02
   425 8.000000E-04 3.548459E-02 -2.296761E-02 6.271078E-02
   426 8.000000E-04 -1.025962E-03 -3.262035E-02 1.077160E-01
   427 8.000000E-04 -1.655830E-02 1.603509E-02 6.136731E-03
   428 8.000000E-04 -1.056327E-02 6.778787E-02 4.424880E-02
   429 8.000000E-04 -3.407163E-02 -1.203799E-02 1.092914E-01
   430 8.000000E-04 -2.157882E-02 3.206001E-02 9.887883E-02
   431 8.000000E-04 -2.182145E-02 6.768079E-02 4.399017E-02
   432 8.000000E-04 -3.840020E-02 3.457285E-02 9.942927E-02
   433 8.000000E-04 -1.755216E-02 5.257773E-02 4.365688E-02
   434 8.000000E-04 -8.161911E-03 -2.899769E-02 7.451642E-02
   435 8.000000E-04 3.454339E-02 -7.216105E-03 5.875285E-02
   436 8.000000E-04 4.035591E-02 1.848829E-02 1.002658E-01
   437 8.000000E-04 2.360743E-02 1.099149E-02 6.565064E-02
   438 8.000000E-04 -1.053801E-02 5.386247E-02 4.399229E-02
   439 8.000000E-04 -2.890755E-02 6.825107E-02 4.110959E-02
   440 8.000000E-04 -7.185864E-04 -2.323849E-02 7.503174E-02
   441 8.000000E-04 6.188458E-03 -5.197779E-02 3.535949E-02
   442 8.000000E-04 -1.157282E-02 7.322329E-02 4.346712E-02
   443 8.000000E-04 -2.305162E-02 -2.790626E-03 9.869851E-02
   444 8.000000E-04 -7.459473E-03 -1.772810E-02 4.769836E-02
   445 8.000000E-04 1.754116E-03 8.570242E-03 6.443099E-02
   446 8.000000E-04 1.046601E-02 -6.345657E-02 6.547995E-02
   447 8.000000E-04 -9.260588E-04 -6.381111E-02 8.709854E-02
   448 8.000000E-04 1.048026E-02 -1.156579E-02 9.520031E-02
   449 8.000000E-04 6.422943E-03 -6.214891E-02 8.347898E-02
   450 8.000000E-04 1.178960E-03 -5.304312E-02 3.482592E-02
   451 8.000000E-04 1.157106E-02 -4.385007E-02 5.387742E-02
   452 8.000000E-04 1.998281E-03 -6.400301E-02 7.477973E-02
   453 8.000000E-04 -6.434769E-03 -3.802631E-02 5.206607E-02
   454 8.000000E-04 -8.338219E-03 -1.121649E-02 1.261043E-01
   455 8.000000E-04 3.168964E-04 -4.370445E-02 5.466978E-02
   456 8.000000E-04 2.492834E-03 -6.304714E-02 6.670507E-02
   457 8.000000E-04 -1.072288E-02 -3.782950E-02 4.509108E-02
   458 8.000000E-04 -9.782523E-03 -5.035539E-02 4.781967E-02
   459 8.000000E-04 1.287963E-02 -1.640146E-03 1.097795E-01
   460 8.000000E-04 -4.325856E-03 7.207921E-02 3.747248E-02
   461 8.000000E-04 -6.185274E-04 -3.753513E-02 4.108272E-02
   462 8.000000E-04 -1.553523E-03 -3.674046E-02 3.650142E-02
   463 8.000000E-04 -4.304085E-03 -6.539998E-02 9.392158E-02
   464 8.000000E-04 -6.228811E-03 -3.819057E-02 3.665832E-02
   465 8.000000E-04 -7.361690E-03 -3.972557E-02 3.686420E-02
   466 8.000000E-04 1.149810E-02 -4.418996E-02 4.444389E-02
   467 8.000000E-04 -2.486957E-03 -9.793702E-03 1.216666E-01
   468 8.000000E-04 -2.036465E-02 -5.411134E-02 6.427934E-02
   469 8.000000E-04 -1.083863E-02 -5.673675E-02 6.526233E-02
   470 8.000000E-04 -2.213325E-02 4.351307E-02 9.637613E-02
   471 8.000000E-04 -1.251974E-02 -4.578371E-02 6.439385E-02
   472 8.000000E-04 6.237143E-03 -6.958341E-03 1.225609E-01
   473 8.000000E-04 -2.799419E-02 -5.518253E-02 7.498195E-02
   474 8.000000E-04 -3.107495E-02 1.762570E-02 1.054194E-01
   475 8.000000E-04 -1.029412E-02 -5.629055E-02 7.607091E-02
   476 8.000000E-04 -7.190763E-03 -4.696560E-02 7.478622E-02
   477 8.000000E-04 -1.181445E-02 3.287317E-02 7.551682E-02
   478 8.000000E-04 -2.073027E-02 -3.367360E-02 1.005015E-01
   479 8.000000E-04 -1.457554E-03 5.042270E-02 8.247532E-02
   480 8.000000E-04 4.773590E-04 -2.273509E-02 6.705201E-02
   481 8.000000E-04 -2.785852E-02 7.111571E-02 3.979521E-02
   482 8.000000E-04 1.109982E-02 -5.630974E-02 6.471350E-02
   483 8.000000E-04 3.967591E-02 -1.769619E-02 4.230454E-02
   484 8.000000E-04 -2.070979E-02 1.077555E-02 8.649828E-02
   485 8.000000E-04 -3.101701E-02 -2.201510E-02 1.000419E-01
   486 8.000000E-04 2.336178E-02 -5.479432E-02 5.492525E-02
   487 8.000000E-04 -2.032665E-02 9.979166E-03 7.641890E-02
   488 8.000000E-04 -2.923230E-02 -2.132829E-02 9.054223E-02
   489 8.000000E-04 2.150720E-02 -2.175047E-02 8.844142E-02
   490 8.000000E-04 -2.030783E-02 -4.680616E-02 6.368745E-02
   491 8.000000E-04 -2.778713E-02 -2.972369E-02 8.966934E-02
   492 8.000000E-04 9.698833E-03 -5.464312E-02 7.446899E-02
   493 8.000000E-04 -3.929340E-02 -1.782639E-02 1.026607E-01
   494 8.000000E-04 -3.351439E-02 9.599719E-03 1.075625E-01
   495 8.000000E-04 -2.291558E-02 4.979353E-02 9.631382E-02
   496 8.000000E-04 -3.928608E-02 -1.570986E-02 1.030955E-01
   497 8.000000E-04 -3.891962E-02 -1.734952E-02 1.047280E-01
   498 8.000000E-04 -1.264688E-02 -1.746974E-03 4.305273E-02
   499 8.000000E-04 8.476663E-03 5.206971E-02 6.603326E-02
   500 8.000000E-04 2.126177E-02 9.001706E-04 8.778122E-02
   501 8.000000E-04 -1.521667E-03 5.111130E-02 7.668056E-02
   502 8.000000E-04 -3.898049E-04 -3.402160E-02 8.768562E-02
   503 8.000000E-04 2.075378E-02 2.221615E-02 8.690896E-02
   504 8.000000E-04 -2.149716E-02 -1.515386E-02 8.853943E-02
   505 8.000000E-04 -2.954550E-02 -4.447421E-02 9.998538E-02
   506 8.000000E-04 6.346956E-03 5.208232E-02 7.076003E-02
   507 8.000000E-04 1.811823E-02 1.761311E-03 5.070806E-02
   508 8.000000E-04 -3.003703E-02 -1.244818E-02 9.831519E-02
   509 8.000000E-04 -3.483148E-03 7.148011E-02 7.616453E-02
   510 8.000000E-04 -1.107375E-02 -6.451583E-04 1.124346E-01
   511 8.000000E-04 2.207339E-03 5.343554E-02 3.270880E-02
   512 8.000000E-04 1.777558E-02 5.923599E-03 1.152147E-01
   513 8.000000E-04 1.242471E-03 5.545572E-02 4.280468E-02
   514 8.000000E-04 -1.222448E-03 -3.326001E-02 9.873715E-02
   515 8.000000E-04 2.279420E-02 2.210063E-02 7.491366E-02
   516 8.000000E-04 -2.051475E-02 -1.418269E-02 7.916267E-02
   517 8.000000E-04 -2.740544E-02 -3.948834E-02 8.570204E-02
   518 8.000000E-04 -1.455274E-04 6.519049E-02 3.447755E-02
   519 8.000000E-04 3.747656E-04 6.595571E-02 4.292030E-02
   520 8.000000E-04 7.134036E-03 5.343868E-02 3.254428E-02
   521 8.000000E-04 -3.568344E-03 -5.265504E-02 9.698165E-02
   522 8.000000E-04 -1.998129E-02 -5.530622E-02 8.486322E-02
   523 8.000000E-04 7.247822E-03 6.318281E-02 3.559747E-02
   524 8.000000E-04 1.255674E-02 9.862231E-03 9.903924E-02
   525 8.000000E-04 8.380097E-03 5.628460E-02 4.262883E-02
   526 8.000000E-04 1.352025E-02 9.448765E-04 1.165756E-01
   527 8.000000E-04 -3.760417E-03 7.148040E-02 4.372123E-02
   528 8.000000E-04 3.824493E-04 7.146418E-02 5.095961E-02
   529 8.000000E-04 -8.268434E-05 -2.362923E-02 9.700565E-02
   530 8.000000E-04 -2.729646E-04 1.035951E-02 8.708035E-02
   531 8.000000E-04 -3.056982E-02 2.213312E-02 8.988269E-02
   532 8.000000E-04 -8.113624E-03 -1.922774E-02 6.615937E-02
   533 8.000000E-04 1.182913E-02 -4.513151E-02 6.399981E-02
   534 8.000000E-04 -3.817245E-03 8.998630E-03 7.530732E-02
   535 8.000000E-04 -3.227644E-02 1.999605E-02 9.855738E-02
   536 8.000000E-04 1.071957E-03 2.947967E-02 1.064851E-01
   537 8.000000E-04 -2.200386E-02 -6.372425E-02 8.486362E-02
   538 8.000000E-04 -3.280414E-02 3.271564E-02 9.738941E-02
   539 8.000000E-04 -3.017288E-02 4.221706E-02 9.539256E-02
   540 8.000000E-04 -1.202939E-02 -3.521857E-02 1.005949E-01
   541 8.000000E-04 3.334052E-02 -9.613329E-03 7.815846E-02
   542 8.000000E-04 -9.771326E-03 -1.008666E-02 9.844898E-02
   543 8.000000E-04 1.548315E-03 -4.310918E-02 6.636406E-02
   544 8.000000E-04 -1.007071E-02 -5.599091E-02 8.833671E-02
   545 8.000000E-04 -5.109745E-03 -1.761341E-02 4.821633E-02
   546 8.000000E-04 7.427078E-03 -5.513600E-02 8.484164E-02
   547 8.000000E-04 -1.050398E-02 -4.476530E-02 8.800211E-02
   548 8.000000E-04 1.295737E-02 2.273053E-02 9.922693E-02
   549 8.000000E-04 1.523652E-03 4.059851E-02 9.700162E-02
   550 8.000000E-04 1.052076E-03 3.424083E-02 9.814863E-02
   551 8.000000E-04 7.203870E-03 3.970553E-02 9.566153E-02
   552 8.000000E-04 -1.246726E-02 8.459524E-04 9.762084E-02
   553 8.000000E-04 -3.966225E-02 8.408820E-04 1.029760E-01
   554 8.000000E-04 -3.295384E-02 -1.983984E-02 1.076002E-01
   555 8.000000E-04 -2.475376E-02 1.130021E-02 9.736424E-02
   556 8.000000E-04 -1.750654E-03 -2.229818E-03 4.705415E-02
   557 8.000000E-04 -1.126641E-02 1.255616E-02 4.244402E-02
   558 8.000000E-04 -9.586287E-03 -6.411424E-02 9.392172E-02
   559 8.000000E-04 -1.302200E-02 -3.607702E-02 8.772882E-02
   560 8.000000E-04 3.354911E-02 -1.332777E-02 4.327897E-02
   561 8.000000E-04 4.424928E-02 1.755765E-02 8.657892E-02
   562 8.000000E-04 2.638708E-02 9.580518E-03 5.720260E-02
   563 8.000000E-04 3.331145E-02 -2.170219E-02 4.498359E-02
   564 8.000000E-04 -1.096886E-02 3.163907E-02 6.598837E-02
   565 8.000000E-04 3.269451E-02 -2.944505E-02 4.555056E-02
   566 8.000000E-04 2.129831E-02 -1.077102E-02 5.795587E-02
   567 8.000000E-04 3.379676E-02 -2.534959E-02 5.480325E-02
   568 8.000000E-04 7.045383E-04 -3.302331E-04 1.005370E-01
   569 8.000000E-04 3.248551E-02 2.937863E-02 6.419789E-02
   570 8.000000E-04 4.034408E-02 -1.483619E-02 3.743387E-02
   571 8.000000E-04 -1.929042E-02 -5.197427E-02 9.827813E-02
   572 8.000000E-04 -1.090387E-02 -5.324602E-02 9.603809E-02
   573 8.000000E-04 -2.972303E-02 -5.083410E-02 1.002910E-01
   574 8.000000E-04 -2.946832E-02 -3.831449E-02 1.151308E-01
   575 8.000000E-04 -2.007046E-02 -4.481910E-02 9.878438E-02
   576 8.000000E-04 -9.986349E-03 -4.543573E-02 9.913708E-02
   577 8.000000E-04 -2.825615E-02 -5.111288E-02 1.055685E-01
   578 8.000000E-04 -2.503588E-02 -5.151578E-02 1.046974E-01
   579 8.000000E-04 2.277468E-02 -1.146021E-02 1.093746E-01
   580 8.000000E-04 -2.204964E-02 5.459428E-02 6.369062E-02
   581 8.000000E-04 -2.195908E-02 3.978720E-04 7.705048E-02
   582 8.000000E-04 1.599872E-02 -3.404197E-02 1.150549E-01
   583 8.000000E-04 -2.297342E-02 -5.517804E-02 7.634296E-02
   584 8.000000E-04 7.569757E-03 6.312255E-02 4.002021E-02
   585 8.000000E-04 1.783432E-02 -3.305731E-02 1.082428E-01
   586 8.000000E-04 4.268442E-02 -3.027133E-02 6.178243E-02
   587 8.000000E-04 3.148426E-02 -6.870711E-03 6.405028E-02
   588 8.000000E-04 -3.030223E-02 -3.154995E-02 9.993997E-02
   589 8.000000E-04 2.332410E-02 -2.156245E-02 7.403059E-02
   590 8.000000E-04 2.053309E-02 -1.233447E-02 7.632321E-02
   591 8.000000E-04 2.316616E-02 -1.247927E-02 8.732210E-02
   592 8.000000E-04 3.099241E-02 -2.184338E-02 7.711767E-02
   593 8.000000E-04 3.395055E-02 -2.161483E-02 8.957539E-02
   594 8.000000E-04 3.184176E-02 2.102773E-02 5.592854E-02
   595 8.000000E-04 2.256569E-02 4.400758E-02 5.481809E-02
   596 8.000000E-04 1.798254E-02 3.690135E-02 4.693558E-02
   597 8.000000E-04 2.224575E-02 3.366174E-02 5.618847E-02
   598 8.000000E-04 1.848184E-02 4.091384E-02 4.546509E-02
   599 8.000000E-04 2.248572E-02 -7.071772E-04 6.718139E-02
   600 8.000000E-04 2.835212E-02 4.366508E-02 5.461737E-02
   601 8.000000E-04 4.000469E-02 -1.444434E-02 4.026963E-02
   602 8.000000E-04 3.269320E-02 3.063454E-02 5.742165E-02
   603 8.000000E-04 1.743495E-02 -1.594161E-03 4.765251E-02
   604 8.000000E-04 3.554577E-02 1.251752E-03 5.460445E-02
   605 8.000000E-04 3.404825E-02 1.043828E-02 5.344987E-02
   606 8.000000E-04 3.681908E-02 4.407114E-03 4.852967E-02
   607 8.000000E-04 3.787108E-02 7.004218E-03 4.833287E-02
   608 8.000000E-04 2.204564E-02 9.592905E-03 1.068474E-01
   609 8.000000E-04 1.779138E-02 3.820513E-03 1.154860E-01
   610 8.000000E-04 3.092410E-02 1.361301E-02 1.088417E-01
   611 8.000000E-04 3.371999E-02 1.841862E-02 1.069752E-01
   612 8.000000E-04 -9.357460E-03 -5.531826E-02 1.060822E-01
   613 8.000000E-04 3.355256E-02 -1.151519E-03 6.370558E-02
   614 8.000000E-04 -3.869131E-02 1.692176E-02 1.008140E-01
   615 8.000000E-04 3.191376E-02 1.106614E-02 6.642412E-02
   616 8.000000E-04 -3.900651E-02 1.258028E-02 1.016148E-01
   617 8.000000E-04 3.306317E-02 2.214826E-02 6.674641E-02
   618 8.000000E-04 2.383076E-02 9.796502E-05 7.675989E-02
