   244 -3.960775E-02 4.602899E-02 0.000000E+00 1.231195E-01
     1 8.000000E-04 1.278589E-02 5.444990E-02 5.651078E-02
     2 8.000000E-04 1.399859E-02 -4.847225E-02 7.587243E-02
     3 8.000000E-04 -8.968738E-03 -5.923915E-02 1.046337E-01
     4 8.000000E-04 2.296769E-02 1.136909E-02 5.301434E-02
     5 8.000000E-04 3.146760E-02 2.335294E-02 5.402396E-02
     6 8.000000E-04 4.421211E-02 2.504232E-02 6.863939E-02
     7 8.000000E-04 3.563137E-02 -1.408232E-03 7.954901E-02
     8 8.000000E-04 -1.009010E-02 -6.279815E-02 9.123985E-02
     9 8.000000E-04 -2.278717E-02 -6.334154E-02 8.853766E-02
    10 8.000000E-04 -3.164759E-03 7.000591E-02 3.810017E-02
    11 8.000000E-04 2.569537E-03 6.184771E-02 3.535646E-02
    12 8.000000E-04 -3.042692E-03 7.010761E-02 7.556128E-02
    13 8.000000E-04 -5.871814E-04 6.532776E-02 7.469041E-02
    14 8.000000E-04 3.332255E-03 6.164268E-02 4.798819E-02
    15 8.000000E-04 7.436660E-04 5.972255E-02 6.301704E-02
    16 8.000000E-04 -4.699163E-03 7.047597E-02 7.648167E-02
    17 8.000000E-04 -1.603651E-02 1.146064E-02 1.607534E-02
    18 8.000000E-04 3.606973E-02 1.400777E-03 5.206589E-02
    19 8.000000E-04 -3.728726E-02 3.377518E-02 9.936134E-02
    20 8.000000E-04 3.708244E-03 1.357068E-02 5.128409E-02
    21 8.000000E-04 1.429782E-02 2.465960E-02 1.057565E-01
    22 8.000000E-04 3.660190E-02 -2.334056E-02 6.212790E-02
    23 8.000000E-04 2.929951E-03 -6.287476E-02 7.785926E-02
    24 8.000000E-04 2.817369E-02 4.505817E-02 5.622106E-02
    25 8.000000E-04 4.602899E-02 1.125218E-02 8.032674E-02
    26 8.000000E-04 2.247820E-03 -1.489326E-03 4.887280E-02
    27 8.000000E-04 -1.619431E-02 2.174943E-02 0.000000E+00
    28 8.000000E-04 4.964924E-03 3.447989E-02 3.658722E-02
    29 8.000000E-04 3.430670E-02 1.527652E-02 6.444216E-02
    30 8.000000E-04 1.816114E-02 -3.151189E-03 1.103349E-01
    31 8.000000E-04 -3.639504E-02 3.756694E-02 9.226674E-02
    32 8.000000E-04 -2.434336E-02 2.491408E-02 1.040855E-01
    33 8.000000E-04 -1.380221E-02 3.220946E-02 9.800350E-02
    34 8.000000E-04 4.675083E-03 -3.561752E-02 9.541568E-02
    35 8.000000E-04 -7.332433E-03 -3.709260E-02 6.375707E-02
    36 8.000000E-04 -1.396427E-02 -6.113435E-02 6.280547E-02
    37 8.000000E-04 -1.441573E-02 -6.267533E-02 5.313473E-02
    38 8.000000E-04 2.374052E-02 -2.137642E-02 4.904428E-02
    39 8.000000E-04 6.419353E-03 -5.176776E-02 6.304548E-02
    40 8.000000E-04 -1.361042E-02 1.338948E-02 3.150410E-02
    41 8.000000E-04 -2.125553E-02 1.536428E-02 7.851762E-04
    42 8.000000E-04 -1.622229E-02 1.273908E-02 2.884458E-03
    43 8.000000E-04 -2.383754E-02 -6.290479E-02 5.936155E-02
    44 8.000000E-04 -1.302109E-02 -6.225993E-02 7.966335E-02
    45 8.000000E-04 1.947876E-02 -5.172980E-02 6.052634E-02
    46 8.000000E-04 3.596515E-02 -3.399856E-02 5.985885E-02
    47 8.000000E-04 -2.732281E-02 4.609407E-02 8.054604E-02
    48 8.000000E-04 -1.253994E-02 4.681146E-02 6.355658E-02
    49 8.000000E-04 1.964097E-02 -3.537185E-02 6.115893E-02
    50 8.000000E-04 3.371880E-02 -1.818482E-02 4.453508E-02
    51 8.000000E-04 8.819405E-04 -6.381679E-02 3.742291E-02
    52 8.000000E-04 -2.349245E-02 6.768568E-02 3.860348E-02
    53 8.000000E-04 -1.218920E-02 6.412223E-02 4.876637E-02
    54 8.000000E-04 3.475772E-02 2.809410E-02 6.269222E-02
    55 8.000000E-04 2.200528E-02 1.327241E-02 6.535829E-02
    56 8.000000E-04 -1.268934E-02 -1.574980E-02 6.286478E-02
    57 8.000000E-04 -1.652340E-02 1.239814E-03 3.224428E-02
    58 8.000000E-04 2.206427E-02 -4.987514E-02 5.172494E-02
    59 8.000000E-04 3.254184E-02 -3.277678E-02 4.934509E-02
    60 8.000000E-04 -2.549157E-02 4.772092E-02 6.506695E-02
    61 8.000000E-04 2.264891E-03 -1.462698E-02 5.238206E-02
    62 8.000000E-04 -1.131696E-02 4.746089E-02 8.090346E-02
    63 8.000000E-04 2.958329E-02 -4.793541E-02 5.940659E-02
    64 8.000000E-04 2.293447E-02 -6.268980E-02 5.152013E-02
    65 8.000000E-04 -1.333822E-02 2.793687E-02 6.672210E-02
    66 8.000000E-04 3.431374E-03 -3.685353E-02 6.273655E-02
    67 8.000000E-04 -2.710668E-02 3.248616E-02 7.894909E-02
    68 8.000000E-04 3.665879E-02 1.283479E-02 7.798950E-02
    69 8.000000E-04 -7.645995E-03 -4.007306E-02 4.815959E-02
    70 8.000000E-04 -2.042075E-02 -4.267484E-02 6.103728E-02
    71 8.000000E-04 1.392949E-02 -5.426984E-02 3.887625E-02
    72 8.000000E-04 4.366326E-03 -1.743899E-02 6.554786E-02
    73 8.000000E-04 -5.664686E-03 4.593162E-02 3.640552E-02
    74 8.000000E-04 -3.948210E-02 -2.296485E-03 1.093380E-01
    75 8.000000E-04 -2.403549E-02 4.013311E-02 4.980437E-02
    76 8.000000E-04 4.432583E-02 -2.998213E-02 6.196636E-02
    77 8.000000E-04 3.321140E-03 -5.124104E-02 7.930295E-02
    78 8.000000E-04 3.089960E-02 -6.195235E-02 4.885286E-02
    79 8.000000E-04 -8.459834E-03 -4.823878E-02 1.078664E-01
    80 8.000000E-04 -1.086294E-02 1.317195E-02 4.647898E-02
    81 8.000000E-04 -2.016075E-02 -1.768654E-02 6.590558E-02
    82 8.000000E-04 3.303635E-02 2.772291E-02 7.802185E-02
    83 8.000000E-04 2.124739E-02 1.369996E-02 7.929060E-02
    84 8.000000E-04 -3.960775E-02 1.295316E-05 1.030067E-01
    85 8.000000E-04 -2.716810E-02 4.419080E-02 9.367984E-02
    86 8.000000E-04 -9.381125E-03 -1.459798E-02 5.044260E-02
    87 8.000000E-04 3.091588E-02 -1.705310E-02 8.111838E-02
    88 8.000000E-04 6.265334E-03 -6.245100E-02 6.573928E-02
    89 8.000000E-04 -2.397972E-02 5.947404E-02 6.148662E-02
    90 8.000000E-04 -1.293159E-02 5.958650E-02 7.686200E-02
    91 8.000000E-04 3.277586E-02 1.623644E-02 1.076236E-01
    92 8.000000E-04 2.084969E-02 -6.237795E-02 6.433029E-02
    93 8.000000E-04 2.465322E-03 -3.913238E-02 5.002148E-02
    94 8.000000E-04 -1.424931E-02 2.976600E-02 4.647595E-02
    95 8.000000E-04 1.557643E-02 2.642947E-02 9.444424E-02
    96 8.000000E-04 4.506719E-02 1.551061E-02 6.951762E-02
    97 8.000000E-04 2.823372E-02 -1.197650E-02 1.100604E-01
    98 8.000000E-04 -9.348609E-04 -6.347299E-02 8.869824E-02
    99 8.000000E-04 -3.070280E-02 5.674687E-02 8.894662E-02
   100 8.000000E-04 -3.809599E-02 1.411271E-02 1.015585E-01
   101 8.000000E-04 5.465074E-03 -3.405758E-03 9.580984E-02
   102 8.000000E-04 -2.772012E-02 -4.754715E-03 9.736327E-02
   103 8.000000E-04 -1.315953E-02 2.290296E-04 7.777836E-02
   104 8.000000E-04 -2.466575E-02 4.005837E-02 1.035389E-01
   105 8.000000E-04 3.439061E-02 2.229759E-02 9.531085E-02
   106 8.000000E-04 1.237185E-02 -4.400313E-02 8.887017E-02
   107 8.000000E-04 2.008923E-02 1.352539E-02 9.429659E-02
   108 8.000000E-04 3.142726E-02 -2.921048E-02 9.581575E-02
   109 8.000000E-04 2.821562E-03 3.994383E-02 9.579280E-02
   110 8.000000E-04 -1.271951E-02 4.301647E-02 9.395465E-02
   111 8.000000E-04 -1.365255E-02 -1.999460E-02 9.407323E-02
   112 8.000000E-04 -2.245768E-02 -1.828168E-02 8.255619E-02
   113 8.000000E-04 -2.904579E-03 -1.240196E-02 1.225272E-01
   114 8.000000E-04 2.350336E-03 -1.866219E-02 7.784299E-02
   115 8.000000E-04 -1.304905E-02 4.432767E-02 4.518585E-02
   116 8.000000E-04 -1.214137E-02 -1.701092E-02 1.126544E-01
   117 8.000000E-04 6.994832E-03 4.845568E-02 4.963717E-02
   118 8.000000E-04 -1.756558E-02 4.358606E-03 2.188038E-02
   119 8.000000E-04 2.104366E-02 3.047618E-02 6.338492E-02
   120 8.000000E-04 1.552437E-02 -3.309828E-02 9.437746E-02
   121 8.000000E-04 -1.280666E-02 -4.223197E-03 1.133987E-01
   122 8.000000E-04 1.431494E-03 -7.196256E-03 1.223473E-01
   123 8.000000E-04 1.944457E-02 3.010779E-02 7.844450E-02
   124 8.000000E-04 3.319312E-02 -2.110421E-02 9.299913E-02
   125 8.000000E-04 1.505437E-02 -3.304701E-02 1.076639E-01
   126 8.000000E-04 -1.212810E-02 -4.947038E-03 9.658638E-02
   127 8.000000E-04 -2.399342E-02 -3.065320E-04 7.771491E-02
   128 8.000000E-04 4.236428E-03 -3.268072E-03 1.097289E-01
   129 8.000000E-04 4.569339E-02 1.647799E-02 8.928226E-02
   130 8.000000E-04 2.833712E-02 4.182687E-02 5.434308E-02
   131 8.000000E-04 4.877967E-03 -2.204613E-03 6.594393E-02
   132 8.000000E-04 -1.322070E-02 -3.417818E-03 4.685716E-02
   133 8.000000E-04 -2.417720E-02 -1.594808E-03 6.429366E-02
   134 8.000000E-04 3.034923E-02 -5.115921E-02 4.991153E-02
   135 8.000000E-04 4.308618E-03 -3.613795E-02 8.013427E-02
   136 8.000000E-04 -1.402019E-02 2.861605E-02 7.925962E-02
   137 8.000000E-04 -1.042268E-02 -3.359893E-02 1.084820E-01
   138 8.000000E-04 -2.363446E-02 3.040324E-02 6.581903E-02
   139 8.000000E-04 -3.841796E-02 -1.487293E-02 1.068048E-01
   140 8.000000E-04 3.479574E-02 1.015137E-02 5.231329E-02
   141 8.000000E-04 -2.923598E-02 2.925655E-02 9.537375E-02
   142 8.000000E-04 1.077106E-03 -3.360983E-02 1.079671E-01
   143 8.000000E-04 6.314520E-03 2.708971E-02 1.081763E-01
   144 8.000000E-04 -1.056367E-02 2.634579E-02 1.083591E-01
   145 8.000000E-04 3.508814E-02 1.664486E-02 9.764534E-02
   146 8.000000E-04 1.307643E-02 5.529492E-02 5.386372E-02
   147 8.000000E-04 1.998182E-02 -2.127463E-03 7.925697E-02
   148 8.000000E-04 -2.362172E-02 -3.448266E-02 8.371911E-02
   149 8.000000E-04 4.154861E-03 2.846940E-02 6.160087E-02
   150 8.000000E-04 -1.315110E-02 -3.666961E-02 9.818406E-02
   151 8.000000E-04 1.353195E-02 4.049540E-02 7.696574E-02
   152 8.000000E-04 3.123458E-02 -6.419240E-04 9.483432E-02
   153 8.000000E-04 3.645774E-03 1.216791E-02 6.285553E-02
   154 8.000000E-04 4.418579E-02 4.567317E-03 7.118669E-02
   155 8.000000E-04 6.382905E-03 -1.885693E-02 9.494187E-02
   156 8.000000E-04 -2.999054E-02 -1.718867E-02 1.099721E-01
   157 8.000000E-04 -8.255063E-03 -1.293727E-02 1.231195E-01
   158 8.000000E-04 5.674046E-03 4.855542E-02 6.487780E-02
   159 8.000000E-04 1.945141E-02 -2.049463E-02 6.255517E-02
   160 8.000000E-04 -2.225871E-02 1.083218E-02 6.443983E-02
   161 8.000000E-04 4.093884E-03 -4.864659E-02 4.903814E-02
   162 8.000000E-04 -1.404765E-02 1.157108E-02 7.909337E-02
   163 8.000000E-04 1.988606E-02 -2.768717E-03 6.607402E-02
   164 8.000000E-04 7.893265E-03 3.107643E-02 8.057090E-02
   165 8.000000E-04 3.960320E-02 -1.492858E-02 3.908660E-02
   166 8.000000E-04 2.043603E-02 -3.712798E-02 5.082756E-02
   167 8.000000E-04 -2.846317E-02 5.693827E-02 8.215140E-02
   168 8.000000E-04 -1.174650E-02 6.188575E-02 6.314705E-02
   169 8.000000E-04 7.229126E-03 -6.443643E-02 4.943130E-02
   170 8.000000E-04 1.629941E-02 -6.369857E-02 7.522263E-02
   171 8.000000E-04 4.445573E-02 -2.593708E-02 6.190401E-02
   172 8.000000E-04 -1.026029E-02 2.983582E-02 3.759673E-02
   173 8.000000E-04 -3.071599E-02 -3.732445E-02 1.104102E-01
   174 8.000000E-04 -2.403946E-02 3.304611E-02 5.022944E-02
   175 8.000000E-04 -1.156679E-03 -3.743005E-02 3.775943E-02
   176 8.000000E-04 3.694506E-02 2.131007E-02 1.073942E-01
   177 8.000000E-04 4.562948E-02 4.806285E-03 7.660177E-02
   178 8.000000E-04 1.845644E-02 1.188793E-02 1.079667E-01
   179 8.000000E-04 -1.215770E-02 -2.021991E-02 7.889754E-02
   180 8.000000E-04 2.224263E-03 -1.999955E-02 1.092410E-01
   181 8.000000E-04 -2.687685E-02 -1.919659E-02 9.455299E-02
   182 8.000000E-04 4.428565E-03 4.476616E-02 7.925795E-02
   183 8.000000E-04 -1.873575E-02 5.331834E-02 8.900888E-02
   184 8.000000E-04 -1.103736E-02 -3.155768E-03 6.304137E-02
   185 8.000000E-04 -2.085453E-02 -1.507744E-03 5.396967E-02
   186 8.000000E-04 3.825698E-03 -4.270931E-03 7.738097E-02
   187 8.000000E-04 -3.903281E-02 9.094053E-03 1.063272E-01
   188 8.000000E-04 2.898082E-02 -6.171512E-02 5.984363E-02
   189 8.000000E-04 1.753986E-02 -1.768904E-02 1.092368E-01
   190 8.000000E-04 -1.252921E-02 1.229712E-02 9.252044E-02
   191 8.000000E-04 -1.347480E-02 7.180557E-02 3.808232E-02
   192 8.000000E-04 -3.059402E-02 1.100444E-02 1.077804E-01
   193 8.000000E-04 -2.444738E-02 -6.317154E-02 7.864784E-02
   194 8.000000E-04 1.903958E-02 3.423222E-02 5.289357E-02
   195 8.000000E-04 1.704557E-02 -3.581357E-02 8.022488E-02
   196 8.000000E-04 -3.022164E-02 -3.147053E-03 1.112145E-01
   197 8.000000E-04 -8.377326E-03 -8.232910E-03 1.228140E-01
   198 8.000000E-04 -8.808017E-03 6.385004E-02 3.415988E-02
   199 8.000000E-04 -2.465876E-02 6.495051E-02 4.845525E-02
   200 8.000000E-04 -6.514462E-03 -3.869831E-02 3.717099E-02
   201 8.000000E-04 4.013190E-03 4.545008E-02 3.415221E-02
   202 8.000000E-04 2.092994E-02 -1.819426E-02 7.795213E-02
   203 8.000000E-04 1.333397E-03 -5.011954E-02 3.447269E-02
   204 8.000000E-04 -1.385089E-02 1.292118E-02 6.331408E-02
   205 8.000000E-04 -2.842728E-02 -4.600531E-02 1.098099E-01
   206 8.000000E-04 -2.256017E-02 9.670203E-03 7.734517E-02
   207 8.000000E-04 -6.330078E-03 -6.288550E-02 3.526522E-02
   208 8.000000E-04 -2.233853E-02 -6.050116E-02 5.511530E-02
   209 8.000000E-04 1.496102E-03 -4.753815E-02 9.473601E-02
   210 8.000000E-04 -2.524075E-02 -5.768758E-02 5.516774E-02
   211 8.000000E-04 -1.590441E-02 7.092270E-02 6.308935E-02
   212 8.000000E-04 -1.522444E-02 -5.018373E-02 6.399873E-02
   213 8.000000E-04 4.714350E-03 1.251257E-02 1.199127E-01
   214 8.000000E-04 -5.159564E-04 7.026651E-02 5.013927E-02
   215 8.000000E-04 -2.211320E-02 7.190173E-02 6.174757E-02
   216 8.000000E-04 2.829193E-02 -8.186387E-03 1.076134E-01
   217 8.000000E-04 1.957929E-02 -2.054732E-02 9.313968E-02
   218 8.000000E-04 -3.064093E-02 1.631627E-02 9.746758E-02
   219 8.000000E-04 -1.251793E-02 -4.697517E-02 4.779018E-02
   220 8.000000E-04 3.927403E-03 1.455442E-02 1.088559E-01
   221 8.000000E-04 -1.306658E-02 1.311686E-02 1.105475E-01
   222 8.000000E-04 -2.264603E-02 -4.988416E-02 6.357137E-02
   223 8.000000E-04 -1.264612E-02 7.182862E-02 4.531606E-02
   224 8.000000E-04 -2.311502E-02 7.103554E-02 4.501114E-02
   225 8.000000E-04 -4.957728E-03 -5.417056E-02 3.781742E-02
   226 8.000000E-04 -2.316862E-02 7.156502E-02 3.805565E-02
   227 8.000000E-04 1.921504E-02 4.524017E-02 5.203630E-02
   228 8.000000E-04 3.427055E-02 -1.066359E-03 6.293184E-02
   229 8.000000E-04 -1.127073E-02 -5.112940E-02 9.454812E-02
   230 8.000000E-04 4.535514E-03 1.274248E-02 9.398624E-02
   231 8.000000E-04 -3.637742E-02 3.445837E-02 1.035439E-01
   232 8.000000E-04 -2.435071E-02 -5.373080E-02 7.761216E-02
   233 8.000000E-04 1.885855E-02 4.352530E-02 6.072502E-02
   234 8.000000E-04 -2.690198E-02 -4.794289E-02 9.934270E-02
   235 8.000000E-04 2.681667E-03 1.275478E-02 8.136279E-02
   236 8.000000E-04 -2.713712E-03 -4.450890E-02 1.085577E-01
   237 8.000000E-04 -1.138272E-02 -5.305521E-02 8.058389E-02
   238 8.000000E-04 1.791555E-02 -2.098047E-03 9.337627E-02
   239 8.000000E-04 4.368034E-03 2.812516E-02 5.112460E-02
   240 8.000000E-04 -1.116351E-02 -3.176599E-02 7.924727E-02
   241 8.000000E-04 -2.630827E-02 -3.272622E-02 9.661992E-02
   242 8.000000E-04 1.540797E-02 1.256407E-03 4.863108E-02
   243 8.000000E-04 7.031146E-03 3.161982E-02 9.615561E-02
   244 8.000000E-04 -3.854936E-02 -1.774863E-02 1.029283E-01
