   170 -3.818551E-02 4.485296E-02 0.000000E+00 1.243273E-01
     1 8.000000E-04 2.404215E-02 -1.972041E-02 1.086327E-01
     2 8.000000E-04 4.485296E-02 1.598524E-02 9.025419E-02
     3 8.000000E-04 -9.380247E-03 -5.875298E-02 1.055611E-01
     4 8.000000E-04 3.058762E-02 2.796415E-02 5.915333E-02
     5 8.000000E-04 -9.041124E-03 7.542110E-02 4.736449E-02
     6 8.000000E-04 2.711584E-02 -2.510770E-02 7.352795E-02
     7 8.000000E-04 1.458790E-02 -6.526503E-02 4.481946E-02
     8 8.000000E-04 -7.903332E-03 -6.201703E-02 5.834081E-02
     9 8.000000E-04 -5.847235E-03 -6.224447E-02 8.910967E-02
    10 8.000000E-04 -1.933873E-02 -6.206723E-02 8.850156E-02
    11 8.000000E-04 1.634186E-03 5.304345E-02 2.777561E-02
    12 8.000000E-04 4.210048E-02 -4.066002E-03 8.348698E-02
    13 8.000000E-04 5.160931E-03 -5.983160E-02 8.760808E-02
    14 8.000000E-04 1.625647E-02 3.101786E-02 7.535324E-02
    15 8.000000E-04 5.047178E-03 5.643780E-02 6.682780E-02
    16 8.000000E-04 1.301928E-02 -1.049973E-02 1.106740E-01
    17 8.000000E-04 1.030118E-02 7.366422E-03 5.532266E-02
    18 8.000000E-04 -4.262564E-03 -6.201298E-02 7.633704E-02
    19 8.000000E-04 1.543485E-02 8.809184E-03 7.307773E-02
    20 8.000000E-04 -6.626717E-03 9.539506E-03 5.525052E-02
    21 8.000000E-04 -2.010333E-02 7.143791E-03 7.642386E-02
    22 8.000000E-04 7.765261E-03 4.640749E-02 3.672754E-02
    23 8.000000E-04 2.494765E-02 -6.348803E-02 6.908417E-02
    24 8.000000E-04 -1.779633E-02 4.214122E-02 4.439618E-02
    25 8.000000E-04 1.605669E-02 -2.922198E-02 5.635125E-02
    26 8.000000E-04 -6.178076E-03 5.039955E-02 5.873360E-02
    27 8.000000E-04 3.146836E-02 -2.463908E-02 9.375783E-02
    28 8.000000E-04 2.584399E-02 4.492400E-02 5.526459E-02
    29 8.000000E-04 -1.097505E-02 7.561446E-02 4.478652E-02
    30 8.000000E-04 4.307215E-02 2.386133E-02 7.030241E-02
    31 8.000000E-04 -4.290979E-03 -2.760096E-02 7.397400E-02
    32 8.000000E-04 -1.794670E-02 -2.017223E-02 6.554098E-02
    33 8.000000E-04 1.115536E-02 -2.929581E-02 1.080328E-01
    34 8.000000E-04 -6.091332E-03 2.439631E-02 1.086402E-01
    35 8.000000E-04 -1.402488E-02 2.017804E-02 0.000000E+00
    36 8.000000E-04 5.974678E-03 5.291942E-02 2.757193E-02
    37 8.000000E-04 1.559516E-02 1.036195E-02 9.377799E-02
    38 8.000000E-04 -8.622062E-03 7.684773E-03 7.677707E-02
    39 8.000000E-04 -1.914505E-02 9.434891E-03 6.235786E-02
    40 8.000000E-04 2.216763E-02 -3.079702E-02 4.617858E-02
    41 8.000000E-04 -3.647554E-03 4.696088E-02 3.836364E-02
    42 8.000000E-04 -2.248075E-02 4.917001E-02 6.008396E-02
    43 8.000000E-04 -1.917190E-02 1.986277E-02 3.518537E-04
    44 8.000000E-04 -2.112395E-02 -6.196786E-02 5.901750E-02
    45 8.000000E-04 1.400706E-02 2.913470E-02 5.705278E-02
    46 8.000000E-04 -7.824680E-03 -4.934113E-02 9.436728E-02
    47 8.000000E-04 -2.860419E-02 -4.407564E-02 1.109926E-01
    48 8.000000E-04 1.235468E-02 2.808590E-02 9.462183E-02
    49 8.000000E-04 -3.535935E-02 -2.332716E-02 1.078931E-01
    50 8.000000E-04 -1.712588E-02 8.406143E-03 1.923644E-02
    51 8.000000E-04 -3.779588E-03 -6.271178E-02 3.624460E-02
    52 8.000000E-04 -2.254009E-02 -6.220863E-02 7.778356E-02
    53 8.000000E-04 -1.823478E-02 1.224435E-02 3.789212E-03
    54 8.000000E-04 7.695793E-03 3.440816E-02 3.773920E-02
    55 8.000000E-04 -1.379003E-02 1.236148E-02 1.969366E-02
    56 8.000000E-04 2.602510E-02 -1.050199E-02 1.090323E-01
    57 8.000000E-04 -4.469230E-03 -4.542389E-02 5.532004E-02
    58 8.000000E-04 -1.865576E-02 2.179717E-02 1.078529E-01
    59 8.000000E-04 -2.254100E-02 -5.281662E-02 7.593373E-02
    60 8.000000E-04 9.347981E-03 -4.447318E-02 8.898330E-02
    61 8.000000E-04 3.434787E-02 -1.521500E-02 4.326212E-02
    62 8.000000E-04 -2.878996E-03 2.727651E-02 5.696338E-02
    63 8.000000E-04 -1.813985E-02 2.772806E-02 4.435047E-02
    64 8.000000E-04 3.379697E-02 2.162303E-02 9.436911E-02
    65 8.000000E-04 -3.799044E-02 5.605154E-03 1.076146E-01
    66 8.000000E-04 -6.426870E-03 -1.056697E-02 5.389140E-02
    67 8.000000E-04 -2.183561E-02 -6.890389E-03 7.635170E-02
    68 8.000000E-04 3.349104E-02 8.266253E-03 5.595421E-02
    69 8.000000E-04 -3.818551E-02 -9.760772E-03 1.093207E-01
    70 8.000000E-04 3.277653E-02 -7.732651E-03 5.932584E-02
    71 8.000000E-04 -8.293850E-03 2.674610E-02 4.164333E-02
    72 8.000000E-04 1.020450E-02 -4.889972E-02 7.586565E-02
    73 8.000000E-04 -2.254068E-02 3.285398E-02 5.342392E-02
    74 8.000000E-04 3.700540E-02 1.933361E-02 1.070545E-01
    75 8.000000E-04 -8.768409E-03 -1.115973E-02 1.138446E-01
    76 8.000000E-04 -2.511689E-02 -1.288095E-02 9.492438E-02
    77 8.000000E-04 -2.475772E-02 4.670855E-02 9.103912E-02
    78 8.000000E-04 1.449835E-02 -3.159512E-02 7.557223E-02
    79 8.000000E-04 2.846239E-02 -6.124238E-02 5.392674E-02
    80 8.000000E-04 -3.457990E-02 5.718137E-02 8.339271E-02
    81 8.000000E-04 -5.953018E-03 4.829372E-02 7.747521E-02
    82 8.000000E-04 4.295507E-02 1.887860E-02 9.537270E-02
    83 8.000000E-04 -2.050985E-02 -2.713592E-02 7.882351E-02
    84 8.000000E-04 -2.632859E-03 -3.443716E-02 5.393810E-02
    85 8.000000E-04 3.310293E-02 9.597701E-03 7.500967E-02
    86 8.000000E-04 6.045004E-03 4.012932E-02 9.460383E-02
    87 8.000000E-04 4.195435E-02 2.793245E-02 5.790973E-02
    88 8.000000E-04 -3.449670E-02 5.690734E-02 8.787201E-02
    89 8.000000E-04 -1.668791E-02 -3.080176E-03 4.111978E-02
    90 8.000000E-04 -1.366228E-02 1.204306E-02 3.470771E-03
    91 8.000000E-04 -1.714544E-02 -4.688911E-02 4.556459E-02
    92 8.000000E-04 -2.749548E-02 1.266236E-02 9.685959E-02
    93 8.000000E-04 -8.536339E-03 8.733444E-03 1.115035E-01
    94 8.000000E-04 -6.410905E-03 9.562540E-03 9.166014E-02
    95 8.000000E-04 -2.734989E-02 8.171726E-03 1.093297E-01
    96 8.000000E-04 -3.462762E-02 -4.091139E-02 1.112380E-01
    97 8.000000E-04 1.341273E-02 9.006992E-03 1.095636E-01
    98 8.000000E-04 2.849336E-02 -4.853869E-02 5.408373E-02
    99 8.000000E-04 4.328229E-02 -2.912182E-02 6.246454E-02
   100 8.000000E-04 1.140668E-02 -9.080982E-03 5.766553E-02
   101 8.000000E-04 -2.409137E-02 6.055246E-02 7.710502E-02
   102 8.000000E-04 1.254518E-02 -2.988849E-02 9.348041E-02
   103 8.000000E-04 -7.260899E-03 4.179989E-02 9.355895E-02
   104 8.000000E-04 -2.491791E-02 4.807393E-02 7.672323E-02
   105 8.000000E-04 3.065204E-02 -6.325118E-02 4.623876E-02
   106 8.000000E-04 -1.685401E-02 1.337809E-03 3.539084E-02
   107 8.000000E-04 1.380909E-02 2.312397E-03 4.612524E-02
   108 8.000000E-04 -9.997568E-03 -4.562833E-03 4.303044E-02
   109 8.000000E-04 -2.890807E-03 -4.594602E-02 4.029334E-02
   110 8.000000E-04 -6.927181E-03 -1.030288E-02 1.243273E-01
   111 8.000000E-04 -5.363931E-03 6.442195E-02 5.571774E-02
   112 8.000000E-04 1.205743E-02 -1.016877E-02 9.443814E-02
   113 8.000000E-04 -2.160304E-02 6.931104E-02 4.150449E-02
   114 8.000000E-04 5.943785E-03 6.164627E-02 5.209730E-02
   115 8.000000E-04 3.235443E-02 1.206759E-02 9.596366E-02
   116 8.000000E-04 1.019292E-02 4.413111E-02 7.360172E-02
   117 8.000000E-04 -5.149863E-03 -2.866884E-02 1.091794E-01
   118 8.000000E-04 -2.456189E-02 -2.788375E-02 9.546076E-02
   119 8.000000E-04 4.469857E-02 1.111262E-02 7.554294E-02
   120 8.000000E-04 -2.220429E-02 -4.711463E-02 9.601954E-02
   121 8.000000E-04 9.875170E-03 2.582078E-02 1.080129E-01
   122 8.000000E-04 -5.197730E-03 -4.445094E-02 1.090503E-01
   123 8.000000E-04 -3.679171E-02 -2.053807E-02 1.035574E-01
   124 8.000000E-04 2.962163E-02 -4.654857E-02 4.585375E-02
   125 8.000000E-04 1.284938E-02 -9.724445E-03 7.470475E-02
   126 8.000000E-04 -2.111156E-02 6.496692E-02 5.610326E-02
   127 8.000000E-04 -5.910671E-03 6.631707E-02 3.922631E-02
   128 8.000000E-04 5.132313E-03 -7.702920E-03 1.236547E-01
   129 8.000000E-04 -2.534480E-02 -1.154708E-02 1.120800E-01
   130 8.000000E-04 -5.637553E-03 -1.081995E-02 9.422290E-02
   131 8.000000E-04 -1.020855E-02 5.931558E-02 2.769856E-02
   132 8.000000E-04 -1.538112E-02 -1.062108E-03 2.611619E-02
   133 8.000000E-04 -4.326004E-03 -3.750455E-02 4.016829E-02
   134 8.000000E-04 6.461435E-03 6.152930E-02 3.945789E-02
   135 8.000000E-04 2.984956E-02 1.384292E-02 1.082267E-01
   136 8.000000E-04 1.352917E-02 4.742445E-02 5.560901E-02
   137 8.000000E-04 -2.685754E-02 -2.673214E-02 1.093423E-01
   138 8.000000E-04 -3.815826E-02 -1.484318E-02 1.032840E-01
   139 8.000000E-04 -6.967153E-03 -3.088802E-02 9.578079E-02
   140 8.000000E-04 4.193185E-02 -1.621177E-02 4.033983E-02
   141 8.000000E-04 3.275628E-02 -2.940619E-02 5.649075E-02
   142 8.000000E-04 1.478258E-02 -6.190993E-02 5.957949E-02
   143 8.000000E-04 -3.583861E-02 3.060117E-02 9.785762E-02
   144 8.000000E-04 3.139533E-02 -1.145522E-02 9.094299E-02
   145 8.000000E-04 -9.273224E-03 2.681855E-02 7.494824E-02
   146 8.000000E-04 8.831780E-03 -4.841567E-02 4.176528E-02
   147 8.000000E-04 -2.768418E-02 2.772323E-02 9.496990E-02
   148 8.000000E-04 -3.474815E-02 4.502404E-02 9.019709E-02
   149 8.000000E-04 1.039572E-02 -3.918835E-02 1.078407E-01
   150 8.000000E-04 -1.961984E-02 -4.940418E-02 6.069438E-02
   151 8.000000E-04 -2.774425E-03 -5.060539E-02 7.823661E-02
   152 8.000000E-04 3.198675E-02 -6.926630E-03 7.723057E-02
   153 8.000000E-04 -2.258520E-02 3.010848E-02 7.480352E-02
   154 8.000000E-04 -3.461497E-02 5.348359E-02 8.112606E-02
   155 8.000000E-04 1.470162E-02 -4.827609E-02 5.678347E-02
   156 8.000000E-04 -6.540971E-03 3.098279E-02 9.527691E-02
   157 8.000000E-04 3.165821E-02 2.661293E-02 7.483628E-02
   158 8.000000E-04 -3.290191E-03 -8.948606E-03 7.430034E-02
   159 8.000000E-04 -1.959276E-02 -6.336936E-03 5.595598E-02
   160 8.000000E-04 -3.723973E-02 1.248259E-02 1.019761E-01
   161 8.000000E-04 -1.180033E-02 1.153105E-02 3.780733E-02
   162 8.000000E-04 2.309140E-02 -5.698535E-02 6.810918E-02
   163 8.000000E-04 4.246431E-02 -2.260572E-02 6.640389E-02
   164 8.000000E-04 -5.864174E-03 6.446383E-02 7.155020E-02
   165 8.000000E-04 1.454540E-02 -1.774346E-03 4.629587E-02
   166 8.000000E-04 -3.130315E-02 5.793155E-02 8.863909E-02
   167 8.000000E-04 4.187298E-02 -4.031484E-03 8.550735E-02
   168 8.000000E-04 1.147883E-02 -6.266394E-02 7.254451E-02
   169 8.000000E-04 -3.432942E-02 3.648450E-02 8.506110E-02
   170 8.000000E-04 3.244111E-02 -2.487546E-02 4.483248E-02
